,R_odds,B_odds,R_ev,B_ev,Winner,title_bout,no_of_rounds,B_current_lose_streak,B_current_win_streak,B_draw,B_avg_SIG_STR_landed,B_avg_SIG_STR_pct,B_avg_SUB_ATT,B_avg_TD_landed,B_avg_TD_pct,B_longest_win_streak,B_losses,B_total_rounds_fought,B_total_title_bouts,B_win_by_Decision_Majority,B_win_by_Decision_Split,B_win_by_Decision_Unanimous,B_win_by_KO/TKO,B_win_by_Submission,B_win_by_TKO_Doctor_Stoppage,B_wins,B_Stance,B_Height_cms,B_Reach_cms,B_Weight_lbs,R_current_lose_streak,R_current_win_streak,R_draw,R_avg_SIG_STR_landed,R_avg_SIG_STR_pct,R_avg_SUB_ATT,R_avg_TD_landed,R_avg_TD_pct,R_longest_win_streak,R_losses,R_total_rounds_fought,R_total_title_bouts,R_win_by_Decision_Majority,R_win_by_Decision_Split,R_win_by_Decision_Unanimous,R_win_by_KO/TKO,R_win_by_Submission,R_win_by_TKO_Doctor_Stoppage,R_wins,R_Stance,R_Height_cms,R_Reach_cms,R_Weight_lbs,R_age,B_age,lose_streak_dif,win_streak_dif,longest_win_streak_dif,win_dif,loss_dif,total_round_dif,total_title_bout_dif,ko_dif,sub_dif,height_dif,reach_dif,age_dif,sig_str_dif,avg_sub_att_dif,avg_td_dif,better_rank,r_dec_odds,b_dec_odds,r_sub_odds,b_sub_odds,r_ko_odds,b_ko_odds
8,-280.0,225,35.714285714285715,225.0,0,False,3,1,0,0,0.99,0.55,0.0,0.0,0.0,0,1,2,0,0,0,0,0,0,0,0,0,170.18,165.1,135,1,0,0,3.79,0.38,0.0,0.69,0.5,2,4,22,0,0,0,3,1,0,0,4,0,170.18,172.72,145,36,29,0,0,-2,-4,-3,-20,0,-1,0,0.0,-7.620000000000003,-7,-2.8,0.0,-0.69,2,165.0,450.0,1400.0,2000.0,150.0,600.0
10,-300.0,235,33.33333333333333,235.0,0,False,3,2,0,0,2.95,0.39,0.4,0.22,0.2,2,4,14,0,0,0,1,2,0,0,3,0,170.18,180.34,135,2,0,1,3.45,0.35,0.4,0.61,0.23,4,3,25,0,0,1,3,3,0,0,7,0,167.64,165.1,145,32,43,0,0,-2,-4,1,-11,0,-1,0,2.5399999999999916,15.240000000000007,11,-0.5,0.0,-0.39,2,250.0,600.0,650.0,900.0,130.0,550.0
16,245.0,-310,245.0,32.25806451612903,1,False,3,0,6,0,4.26,0.41,0.3,7.3,0.45,6,2,24,0,0,0,6,0,0,0,6,0,167.64,172.72,135,2,0,0,3.34,0.4,0.4,0.89,0.41,4,4,18,1,0,2,0,2,1,0,5,0,167.64,170.18,135,33,30,-2,6,2,1,-2,6,-1,-2,-1,0.0,2.5399999999999916,-3,0.92,-0.1,6.41,0,500.0,100.0,1200.0,550.0,600.0,400.0
28,170.0,-200,170.0,50.0,0,False,3,0,2,0,4.14,0.54,0.6,5.57,0.48,2,1,11,0,0,1,0,2,0,0,3,0,165.1,175.26,135,0,2,0,2.87,0.46,0.5,1.52,0.75,2,0,5,0,0,0,1,0,1,0,2,0,177.8,182.88,135,30,29,0,0,0,1,1,6,0,2,-1,-12.700000000000017,-7.620000000000003,-1,1.2699999999999996,0.0999999999999999,4.050000000000002,2,330.0,140.0,800.0,700.0,1000.0,330.0
33,-630.0,450,15.873015873015873,450.0,0,False,3,1,0,0,1.76,0.43,2.5,1.7,0.3,1,2,5,0,0,0,0,0,1,0,1,0,165.1,170.18,135,0,1,0,3.42,0.55,0.3,4.13,0.78,3,2,17,0,0,0,2,2,1,0,5,1,177.8,190.5,135,29,25,1,-1,-2,-4,0,-12,0,-2,0,-12.700000000000017,-20.32,-4,-1.66,2.2,-2.43,2,215.0,800.0,400.0,1600.0,100.0,1800.0
43,-630.0,450,15.873015873015873,450.0,0,False,3,0,0,0,1.27,0.2,0.0,0.0,0.0,0,0,0,0,0,0,0,0,0,0,0,0,177.8,180.34,135,0,3,0,4.03,0.58,0.9,4.47,0.41,3,0,8,0,0,1,0,0,2,0,3,0,172.72,180.34,135,26,31,0,-3,-3,-3,0,-8,0,0,-2,5.0800000000000125,0.0,5,-2.76,-0.9,-4.47,2,150.0,800.0,175.0,2200.0,350.0,1400.0
48,-145.0,125,68.96551724137932,125.0,0,False,3,0,0,0,4.4,0.49,0.0,6.0,0.54,0,0,0,0,0,0,0,0,0,0,0,0,172.72,180.34,135,1,0,0,7.0,0.45,0.0,1.0,0.22,0,1,3,0,0,0,0,0,0,0,0,0,175.26,180.34,135,28,22,-1,0,0,0,-1,-3,0,0,0,-2.5399999999999916,0.0,-6,-2.6,0.0,5.0,2,165.0,240.0,700.0,800.0,350.0,800.0
57,-305.0,240,32.786885245901644,240.0,0,False,3,2,0,0,3.2,0.54,0.2,2.04,0.5,1,4,12,0,0,0,2,0,0,0,2,1,167.64,172.72,135,1,0,0,4.84,0.5,0.9,1.73,0.66,0,1,1,0,0,0,0,0,0,0,0,0,177.8,177.8,135,25,41,1,0,1,2,3,11,0,0,0,-10.159999999999997,-5.0800000000000125,16,-1.6399999999999997,-0.7,0.31,2,450.0,550.0,900.0,700.0,-135.0,900.0
61,-150.0,130,66.66666667,130.0,1,False,3,0,0,0,2.46,0.55,4.1,2.05,0.28,0,0,0,0,0,0,0,0,0,0,0,0,172.72,175.26,135,0,1,0,2.22,0.54,0.0,1.09,0.15,1,0,4,0,0,0,0,1,0,0,1,1,170.18,177.8,135,31,25,0,-1,-1,-1,0,-4,0,-1,0,2.54,-2.54,-6,0.24,4.1,0.96,2,550.0,275.0,400.0,700.0,150.0,600.0
65,-170.0,150,58.82352941,150.0,0,False,3,1,0,0,1.31,0.47,0.8,1.2,0.42,1,1,6,0,0,0,0,0,1,0,1,1,182.88,185.42,135,1,0,0,3.63,0.4,0.9,1.28,0.33,2,5,22,0,0,0,1,2,3,0,6,2,167.64,167.64,135,35,31,0,0,-1,-5,-4,-16,0,-2,-2,15.24,17.78,-4,-2.32,-0.1,-0.08,2,500.0,350.0,400.0,550.0,150.0,800.0
71,-105.0,-115,95.23809524,86.95652174,0,False,3,0,1,0,5.55,0.43,0.7,0.62,0.21,4,5,34,0,0,0,3,3,3,0,9,0,167.64,165.1,135,0,1,0,3.63,0.45,0.1,0.55,0.56,15,6,76,12,0,0,8,11,0,0,19,0,170.18,177.8,135,34,34,0,0,-11,-10,-1,-42,-12,-8,3,-2.54,-12.7,0,1.92,0.6,0.07,0,150.0,225.0,1600.0,900.0,450.0,450.0
74,105.0,-125,105.0,80.0,0,False,3,1,0,0,4.85,0.42,0.4,1.09,0.35,3,3,25,0,0,0,5,0,1,0,6,1,170.18,172.72,135,1,0,1,4.91,0.42,0.3,0.49,0.42,4,1,16,0,0,0,2,2,1,0,5,0,172.72,170.18,135,23,30,0,0,-1,1,2,9,0,-2,0,-2.54,2.54,7,-0.06,0.1,0.6,2,215.0,165.0,1100.0,800.0,350.0,700.0
76,-110.0,-110,90.90909091,90.90909091,0,False,3,1,0,0,3.37,0.36,0.7,2.93,0.66,1,1,2,0,0,0,0,0,1,0,1,0,172.72,175.26,135,2,0,0,4.39,0.39,0.0,0.2,0.25,1,4,13,0,0,0,1,0,0,0,1,0,170.18,177.8,135,30,25,-1,0,0,0,-3,-11,0,0,1,2.54,-2.54,-5,-1.02,0.7,2.73,2,225.0,275.0,1000.0,400.0,350.0,500.0
80,-235.0,190,42.55319149,190.0,0,False,3,0,1,0,2.7,0.25,0.7,0.98,0.14,1,2,7,0,0,0,0,0,1,0,1,0,165.1,177.8,135,0,1,0,4.03,0.53,0.0,0.99,0.3,2,1,11,0,0,1,1,1,0,0,3,0,170.18,167.64,135,27,36,0,0,-1,-2,1,-4,0,-1,1,-5.08,10.16,9,-1.33,0.7,-0.01,2,120.0,350.0,1100.0,800.0,300.0,1000.0
82,-350.0,270,28.57142857,270.0,0,False,3,1,0,0,0.79,0.21,0.0,0.0,0.0,0,1,1,0,0,0,0,0,0,0,0,0,167.64,177.8,135,1,0,0,2.79,0.42,2.7,2.66,0.21,0,1,3,0,0,0,0,0,0,0,0,0,175.26,180.34,135,28,28,0,0,0,0,0,-2,0,0,0,-7.62,-2.54,0,-2.0,-2.7,-2.66,2,250.0,550.0,110.0,1300.0,400.0,900.0
92,-210.0,175,47.61904762,175.0,1,False,5,1,0,0,5.26,0.41,0.8,1.63,0.3,4,4,43,7,0,0,4,7,1,0,12,0,167.64,170.18,135,0,2,0,6.32,0.47,0.6,0.74,0.44,5,1,15,0,0,1,1,4,1,0,7,2,180.34,177.8,135,29,35,1,-2,-1,5,3,28,7,3,0,-12.7,-7.62,6,-1.06,0.2,0.89,0,500.0,500.0,600.0,1100.0,110.0,400.0
93,-320.0,250,31.25,250.0,1,False,3,0,2,0,4.24,0.43,0.2,0.62,0.27,2,2,12,0,0,1,1,1,0,0,3,0,172.72,175.26,125,0,4,0,5.2,0.49,0.3,3.2,0.55,4,0,9,0,0,0,2,2,0,0,4,0,172.72,182.88,135,26,25,0,-2,-2,-1,2,3,0,-1,0,0.0,-7.62,-1,-0.96,-0.1,-2.58,0,-125.0,500.0,1000.0,1000.0,400.0,900.0
96,-240.0,195,41.66666667,195.0,0,False,3,0,2,0,8.64,0.46,0.0,0.0,0.0,2,1,4,0,0,0,0,2,0,0,2,2,175.26,185.42,135,0,3,0,6.13,0.38,0.0,0.0,0.0,3,0,5,0,0,0,0,3,0,0,3,0,170.18,177.8,135,27,27,0,-1,-1,-1,1,-1,0,-1,0,5.08,7.62,0,2.51,0.0,0.0,2,380.0,500.0,1100.0,1600.0,-110.0,450.0
100,-220.0,180,45.45454545,180.0,0,False,3,1,0,0,4.35,0.41,0.1,0.27,0.66,2,3,21,0,0,3,1,0,0,0,4,1,172.72,190.5,135,1,0,0,4.31,0.36,0.5,0.52,0.3,3,2,17,0,0,0,1,2,1,0,4,1,170.18,177.8,145,31,33,0,0,-1,0,1,4,0,-2,-1,2.54,12.7,2,0.04,-0.4,-0.25,2,120.0,275.0,450.0,1600.0,500.0,900.0
110,-140.0,120,71.42857143,120.0,1,False,3,1,0,0,2.41,0.42,0.0,3.81,0.37,0,1,2,0,0,0,0,0,0,0,0,0,167.64,170.18,135,1,0,0,2.69,0.33,0.3,0.0,0.0,1,2,10,0,0,0,0,1,0,0,1,0,165.1,175.26,135,29,32,0,0,-1,-1,-1,-8,0,-1,0,2.54,-5.08,3,-0.28,-0.3,3.81,2,200.0,180.0,500.0,1200.0,400.0,900.0
117,-1000.0,580,10.0,580.0,0,False,3,0,0,0,4.81,0.32,0.0,0.0,0.0,0,0,0,0,0,0,0,0,0,0,0,1,170.18,172.72,135,0,1,0,8.25,0.62,0.6,0.63,0.5,5,1,13,0,0,0,2,4,0,0,6,2,180.34,182.88,135,26,28,0,-1,-5,-6,-1,-13,0,-4,0,-10.16,-10.16,2,-3.44,-0.6,-0.63,2,400.0,1400.0,800.0,1600.0,-300.0,1200.0
127,-230.0,180,43.47826087,180.0,1,False,3,0,1,0,5.5,0.71,0.0,2.73,0.66,1,0,5,0,0,0,1,0,0,0,1,0,167.64,170.18,135,0,5,0,5.59,0.52,0.7,2.23,0.56,5,0,13,0,0,0,2,2,1,0,5,0,170.18,170.18,135,34,31,0,-4,-4,-4,0,-8,0,-2,-1,-2.54,0.0,-3,-0.09,-0.7,0.5,2,125.0,375.0,600.0,325.0,800.0,1250.0
139,-230.0,180,43.47826087,180.0,0,False,3,0,3,0,4.21,0.47,0.2,2.07,0.46,3,3,17,0,0,1,1,2,0,0,4,0,172.72,175.26,135,1,0,0,3.91,0.5,1.3,0.88,0.42,5,6,38,0,0,0,1,5,4,0,10,2,172.72,177.8,135,28,35,-1,3,-2,-6,-3,-21,0,-3,-4,0.0,-2.54,7,0.3,-1.1,1.19,0,188.0,450.0,300.0,1200.0,400.0,450.0
175,-130.0,110,76.92307692,110.0,0,False,5,0,1,0,3.17,0.38,0.0,1.05,0.32,6,3,20,3,0,0,2,5,0,0,7,0,172.72,165.1,135,0,3,0,5.58,0.43,0.6,1.2,0.4,3,3,22,0,0,0,2,5,1,0,8,0,172.72,180.34,135,33,29,0,-2,3,-1,0,-2,3,0,-1,0.0,-15.24,-4,-2.41,-0.6,-0.15,0,450.0,425.0,1000.0,1400.0,160.0,205.0
189,-165.0,145,60.60606061,145.0,1,False,3,2,0,0,2.82,0.53,1.2,1.68,0.43,3,2,10,0,0,1,0,1,1,0,3,0,165.1,170.18,125,0,1,0,4.23,0.38,1.0,0.39,0.33,4,3,14,0,0,2,1,0,2,0,5,0,172.72,177.8,125,31,29,2,-1,-1,-2,-1,-4,0,1,-1,-7.62,-7.62,-2,-1.41,0.2,1.29,2,190.0,425.0,550.0,400.0,400.0,575.0
211,-290.0,245,34.48275862,245.0,0,False,3,1,0,1,4.03,0.46,0.0,2.8,0.44,3,2,23,0,0,2,3,0,0,0,5,0,167.64,162.56,145,0,5,0,4.02,0.39,0.4,7.38,0.43,5,2,21,0,0,0,5,0,0,0,5,0,167.64,172.72,135,30,31,1,-5,-2,0,0,2,0,0,0,0.0,-10.16,1,0.01,-0.4,-4.58,0,-145.0,325.0,700.0,1200.0,850.0,750.0
227,-230.0,190,43.47826087,190.0,0,False,3,1,0,0,2.63,0.24,0.0,0.0,0.0,0,1,3,0,0,0,0,0,0,0,0,0,167.64,177.8,145,0,1,0,5.78,0.39,0.0,0.0,0.0,1,1,4,0,0,0,0,1,0,0,1,0,170.18,177.8,135,31,28,1,-1,-1,-1,0,-1,0,-1,0,-2.54,0.0,-3,-3.15,0.0,0.0,2,175.0,275.0,1000.0,1000.0,225.0,700.0
240,-390.0,320,25.64102564,320.0,0,False,3,1,0,0,3.93,0.36,0.5,0.48,0.14,1,3,7,0,0,1,0,1,0,0,2,0,172.72,175.26,135,0,1,0,4.01,0.54,0.6,6.11,0.54,1,1,9,0,0,1,0,1,0,0,2,0,165.1,175.26,135,29,34,1,-1,0,0,2,-2,0,0,0,7.62,0.0,5,-0.08,-0.1,-5.63,2,200.0,600.0,475.0,900.0,160.0,800.0
250,160.0,-185,160.0,54.05405405,1,False,3,0,2,0,3.14,0.57,0.8,5.52,0.46,2,0,5,0,0,0,0,0,2,0,2,0,172.72,180.34,135,0,1,0,3.92,0.53,1.3,1.97,0.34,2,1,11,0,0,0,3,0,0,0,3,0,172.72,175.26,145,29,26,0,1,0,-1,-1,-6,0,0,2,0.0,5.08,-3,-0.78,-0.5,3.55,2,240.0,200.0,1000.0,275.0,600.0,700.0
256,-370.0,310,27.02702703,310.0,0,False,3,3,0,0,4.84,0.43,0.0,0.17,0.14,4,4,18,0,0,0,1,4,0,0,5,1,170.18,177.8,145,1,0,0,6.31,0.57,0.8,0.79,0.5,5,1,10,0,0,0,2,3,0,0,5,2,180.34,182.88,135,26,29,2,0,-1,0,3,8,0,1,0,-10.16,-5.08,3,-1.47,-0.8,-0.62,2,325.0,550.0,750.0,1600.0,-150.0,650.0
267,-215.0,178,46.51162791,178.0,0,False,3,0,1,0,2.24,0.41,0.5,1.07,0.5,1,1,4,0,0,0,0,0,1,0,1,0,165.1,170.18,135,0,2,0,4.69,0.44,0.0,0.0,0.0,2,0,2,0,0,0,0,2,0,0,2,0,170.18,177.8,135,27,31,0,-1,-1,-1,1,2,0,-2,1,-5.08,-7.62,4,-2.45,0.5,1.07,2,320.0,450.0,1200.0,600.0,115.0,625.0
272,-600.0,450,16.66666667,450.0,0,False,3,0,0,0,7.12,0.56,0.0,0.0,0.0,0,0,0,0,0,0,0,0,0,0,0,0,170.18,177.8,135,1,0,0,3.77,0.55,0.2,4.15,0.77,3,2,16,0,0,0,2,1,1,0,4,1,177.8,190.5,135,28,29,-1,0,-3,-4,-2,-16,0,-1,-1,-7.62,-12.7,1,3.35,-0.2,-4.15,2,275.0,800.0,475.0,1200.0,-115.0,900.0
276,-300.0,250,33.33333333,250.0,1,False,3,0,2,0,3.93,0.47,0.2,2.3,0.45,2,3,15,0,0,1,1,1,0,0,3,0,172.72,175.26,135,0,2,0,4.27,0.46,0.0,0.48,0.37,2,2,18,0,0,0,2,2,0,0,4,1,172.72,177.8,135,26,35,0,0,0,-1,1,-3,0,-1,0,0.0,-2.54,9,-0.34,0.2,1.82,2,115.0,425.0,900.0,1200.0,235.0,700.0
280,-270.0,230,37.03703704,230.0,0,False,3,2,0,0,0.9,0.27,0.0,1.42,0.5,0,2,4,0,0,0,0,0,0,0,0,0,170.18,177.8,135,1,0,1,1.57,0.37,2.0,2.89,0.33,4,7,55,0,0,1,4,0,10,0,15,0,167.64,170.18,135,36,33,1,0,-4,-15,-5,-51,0,0,-10,2.54,7.62,-3,-0.67,-2.0,-1.47,2,300.0,500.0,-125.0,1200.0,1000.0,600.0
287,-122.0,102,81.96721311,102.0,1,True,5,0,5,0,4.84,0.49,0.9,1.77,0.24,5,3,36,0,0,0,6,1,4,0,11,0,170.18,180.34,135,0,7,0,5.99,0.52,0.1,2.14,0.66,7,0,20,1,0,0,3,4,0,0,7,2,170.18,170.18,135,28,31,0,-2,-2,4,3,16,-1,-3,4,0.0,10.16,3,-1.15,0.8,-0.37,0,325.0,350.0,1200.0,250.0,200.0,600.0
290,120.0,-140,120.0,71.42857143,0,False,3,0,3,0,4.81,0.42,0.5,1.1,0.39,3,2,22,0,0,0,5,0,1,0,6,1,170.18,172.72,140,2,0,0,3.65,0.32,0.1,2.99,0.46,12,3,53,6,0,2,8,2,0,0,12,0,172.72,172.72,135,35,29,-2,3,-9,-6,-1,-31,-6,-2,1,-2.54,0.0,-6,1.16,0.4,-1.89,0,135.0,170.0,1400.0,650.0,1000.0,450.0
291,-220.0,180,45.45454545,180.0,1,False,3,0,3,0,5.32,0.46,0.4,2.88,0.63,3,0,6,0,0,0,1,2,0,0,3,0,172.72,182.88,135,0,5,1,4.35,0.42,0.4,0.59,0.75,4,0,13,0,0,0,2,2,1,0,5,0,172.72,170.18,145,23,25,0,-2,-1,-2,0,-7,0,0,-1,0.0,12.7,2,0.97,0.0,2.29,0,175.0,250.0,1400.0,900.0,200.0,650.0
299,-240.0,200,41.66666667,200.0,1,False,3,0,0,0,3.84,0.61,0.0,1.17,0.2,0,0,2,0,0,0,0,0,0,0,0,1,170.18,177.8,140,0,2,0,5.71,0.45,0.0,0.48,0.33,2,1,6,0,0,0,1,1,0,0,2,2,175.26,175.26,135,27,30,0,-2,-2,-2,-1,-4,0,-1,0,-5.08,2.54,3,-1.87,0.0,0.69,2,135.0,350.0,700.0,900.0,275.0,700.0
302,115.0,-135,115.0,74.0,0,False,3,0,1,0,4.03,0.4,0.1,0.88,0.27,5,3,26,0,0,1,5,1,0,0,7,0,162.56,172.72,135,2,0,0,5.6,0.43,0.8,0.68,0.21,4,5,31,0,0,0,2,3,3,0,8,0,167.64,165.1,135,34,31,-2,1,1,-1,-2,-5,0,-2,-3,-5.08,7.62,-3,-1.57,-0.7,0.2,0,250.0,-105.0,750.0,1400.0,500.0,900.0
306,160.0,-185,160.0,54.0,1,False,3,0,1,0,3.8,0.58,0.5,10.86,0.76,1,0,3,0,0,0,1,0,0,0,1,2,172.72,172.72,135,1,0,0,3.29,0.45,0.5,0.0,0.0,0,1,3,0,0,0,0,0,0,0,0,0,167.64,172.72,145,31,28,-1,1,1,1,-1,0,0,0,0,5.08,0.0,-3,0.51,0.0,10.86,2,250.0,115.0,900.0,700.0,750.0,600.0
315,100.0,-125,100.0,80.0,1,False,3,0,1,0,4.17,0.49,0.0,0.86,0.25,1,1,0,0,0,0,0,0,0,0,2,2,167.64,180.34,135,2,0,0,3.4,0.29,0.1,0.34,0.33,4,11,3,1,0,0,0,0,0,0,11,0,170.18,175.26,135,36,29,-2,1,-3,-9,-10,-3,-1,0,0,-2.54,5.08,-7,0.77,-0.1,0.52,2,225.0,175.0,700.0,700.0,500.0,500.0
318,150.0,-190,150.0,52.63157895,0,False,3,1,0,0,2.57,0.35,2.8,2.75,1.0,1,1,0,0,0,0,0,0,0,0,1,0,172.72,175.26,135,0,1,0,2.82,0.4,0.0,0.33,0.16,1,2,1,0,0,0,0,0,0,0,2,0,172.72,172.72,135,33,24,1,-1,0,-1,-1,-1,0,0,0,0.0,2.54,-9,-0.25,2.8,2.42,2,275.0,150.0,700.0,450.0,750.0,500.0
331,-400.0,300,25.0,300.0,0,False,3,0,1,1,3.7,0.39,0.3,2.28,0.31,5,8,94,9,0,1,10,5,2,0,18,0,167.64,172.72,135,0,1,0,6.88,0.48,0.5,1.07,0.5,5,1,14,0,0,1,1,3,1,0,6,2,180.34,177.8,135,28,39,0,0,0,12,7,80,9,2,1,-12.7,-5.08,11,-3.18,-0.2,1.21,0,100.0,375.0,1000.0,1600.0,225.0,1800.0
355,-400.0,300,25.0,300.0,0,False,3,0,0,0,0.0,0.0,0.0,0.0,0.0,0,0,0,0,0,0,0,0,0,0,0,0,170.18,170.18,135,0,1,0,3.21,0.41,0.2,6.61,0.51,4,2,19,0,0,2,2,1,0,0,5,0,167.64,175.26,135,28,28,0,-1,-4,-5,-2,-19,0,-1,0,2.54,-5.08,0,-3.21,-0.2,-6.61,2,115.0,675.0,250.0,2500.0,400.0,650.0
360,-530.0,375,18.86792453,375.0,0,False,3,0,0,0,0.0,0.0,0.0,0.0,0.0,0,0,0,0,0,0,0,0,0,0,0,0,167.64,167.64,135,0,0,0,0.0,0.0,0.0,0.0,0.0,0,0,0,0,0,0,0,0,0,0,0,0,172.72,172.72,135,24,31,0,0,0,0,0,0,0,0,0,-5.08,-5.08,7,0.0,0.0,0.0,2,-130.0,700.0,300.0,1200.0,600.0,1200.0
373,-140.0,120,71.42857143,120.0,0,False,3,1,0,0,3.65,0.49,1.1,0.78,0.37,5,6,0,0,0,0,0,0,0,0,10,2,172.72,177.8,135,0,1,0,3.45,0.45,0.1,0.57,0.56,15,6,3,12,0,0,0,0,0,0,19,0,170.18,177.8,135,34,28,1,-1,-10,-9,0,-3,-12,0,0,2.54,0.0,-6,0.2,1.0,0.21,2,150.0,300.0,800.0,800.0,500.0,400.0
375,-170.0,150,58.82352941,150.0,1,False,3,2,0,0,3.38,0.39,0.4,1.0,0.41,4,4,2,1,0,0,0,0,0,0,5,0,167.64,170.18,135,0,3,0,5.21,0.42,0.8,1.2,0.36,3,3,0,0,0,0,0,0,0,0,8,0,172.72,180.34,135,33,32,2,-3,1,-3,1,2,1,0,0,-5.08,-10.16,-1,-1.83,-0.4,-0.2,2,235.0,250.0,600.0,1200.0,275.0,350.0
397,-139.0,112,71.94244604,112.0,0,False,3,1,0,0,3.41,0.46,0.7,2.58,0.45,4,3,19,0,0,0,4,0,1,0,5,1,172.72,175.26,135,1,0,0,4.25,0.46,2.0,1.61,0.34,4,7,31,0,0,0,2,3,2,0,7,0,175.26,172.72,135,29,30,0,0,0,-2,-4,-12,0,-3,-1,-2.54,2.54,1,-0.84,-1.3,0.97,2,300.0,180.0,275.0,1200.0,500.0,650.0
407,-167.0,135,59.88023952,135.0,1,False,3,2,0,0,2.7,0.26,0.5,1.0,0.2,0,2,6,0,0,0,0,0,0,0,0,0,165.1,177.8,135,3,0,0,5.39,0.45,0.7,0.7,0.5,0,3,9,0,0,0,0,0,0,0,0,0,177.8,185.42,135,32,35,-1,0,0,0,-1,-3,0,0,0,-12.7,-7.62,3,-2.69,-0.2,0.3,2,105.0,400.0,1600.0,575.0,450.0,500.0
430,117.0,-148,117.0,67.56756757,1,False,3,1,0,0,3.94,0.59,1.2,4.77,0.66,1,1,6,0,0,0,0,1,0,0,1,0,165.1,175.26,135,1,0,0,2.97,0.47,0.0,4.0,0.5,1,1,6,0,0,0,1,0,0,0,1,0,170.18,182.88,135,29,29,0,0,0,0,0,0,0,1,0,-5.08,-7.62,0,0.97,1.2,0.77,2,250.0,150.0,450.0,1000.0,1000.0,425.0
434,-400.0,295,25.0,295.0,0,False,3,0,1,0,2.64,0.5,0.5,0.0,0.0,1,1,7,0,0,0,0,1,0,0,1,0,165.1,175.26,135,0,4,0,4.79,0.5,0.7,2.31,0.58,4,0,10,0,0,0,1,2,1,0,4,0,170.18,170.18,135,33,28,0,-3,-3,-3,1,-3,0,-1,-1,-5.08,5.08,-5,-2.15,-0.2,-2.31,2,225.0,700.0,150.0,1400.0,450.0,675.0
441,-134.0,108,74.62686567,108.0,0,False,3,0,1,0,3.98,0.35,0.0,0.68,0.16,1,2,6,0,0,1,0,1,0,0,2,0,172.72,175.26,135,1,0,0,0.93,0.24,0.0,0.0,0.0,0,1,3,0,0,0,0,0,0,0,0,0,165.1,170.18,135,31,34,-1,1,1,2,1,3,0,1,0,7.62,5.08,3,3.05,0.0,0.68,2,275.0,450.0,600.0,350.0,275.0,650.0
448,-500.0,356,20.0,356.0,0,False,3,0,0,0,0.0,0.0,0.0,0.0,0.0,0,0,0,0,0,0,0,0,0,0,0,2,165.1,165.1,135,0,1,0,10.77,0.7,0.0,0.0,0.0,1,0,1,0,0,0,0,1,0,0,1,0,170.18,177.8,135,26,28,0,-1,-1,-1,0,-1,0,-1,0,-5.08,-12.7,2,-10.77,0.0,0.0,2,360.0,600.0,1200.0,1200.0,-150.0,900.0
452,-165.0,131,60.60606061,131.0,0,False,3,0,0,0,0.0,0.0,0.0,0.0,0.0,0,0,0,0,0,0,0,0,0,0,0,0,167.64,177.8,145,1,0,0,3.19,0.49,0.0,1.64,0.66,2,1,8,0,0,1,1,0,0,0,2,0,170.18,167.64,135,26,27,-1,0,-2,-2,-1,-8,0,0,0,-2.54,10.16,1,-3.19,0.0,-1.64,2,125.0,400.0,1000.0,1000.0,500.0,350.0
474,-435.0,317,22.98850575,317.0,0,False,3,0,0,0,0.0,0.0,0.0,0.0,0.0,0,0,0,0,0,0,0,0,0,0,0,1,172.72,177.8,135,1,0,0,4.22,0.44,0.0,0.46,0.07,2,1,7,0,0,1,0,1,0,0,2,0,172.72,177.8,135,28,32,-1,0,-2,-2,-1,-7,0,-1,0,0.0,0.0,4,-4.22,0.0,-0.46,2,-115.0,650.0,700.0,750.0,400.0,1500.0
475,115.0,-141,115.0,70.92198582,1,False,5,1,0,0,6.95,0.48,0.6,1.2,0.5,5,1,12,0,0,1,1,2,1,0,5,2,180.34,177.8,135,0,1,0,3.53,0.39,0.5,0.46,0.25,4,2,15,1,0,2,0,2,1,0,5,0,167.64,170.18,135,32,28,1,-1,1,0,-1,-3,-1,0,0,12.7,7.62,-4,3.42,0.1,0.74,0,550.0,325.0,700.0,600.0,325.0,300.0
491,-480.0,342,20.83333333,342.0,0,False,3,0,0,0,0.0,0.0,0.0,0.0,0.0,0,0,0,0,0,0,0,0,0,0,0,2,175.26,180.34,135,0,1,0,6.53,0.53,0.9,1.9,0.5,1,0,3,0,0,0,1,0,0,0,1,0,172.72,182.88,135,25,33,0,-1,-1,-1,0,-3,0,0,0,2.54,-2.54,8,-6.53,-0.9,-1.9,2,350.0,750.0,400.0,1400.0,110.0,1000.0
496,-335.0,246,29.85074627,246.0,0,False,3,0,2,0,2.77,0.37,0.0,3.5,0.35,2,0,6,0,0,1,1,0,0,0,2,0,165.1,167.64,135,0,1,0,3.66,0.42,0.8,1.35,0.5,2,1,10,0,0,0,2,0,1,0,3,1,170.18,172.72,135,29,28,0,1,0,-1,-1,-4,0,0,-1,-5.08,-5.08,-1,-0.89,-0.8,2.15,2,110.0,500.0,400.0,1400.0,825.0,850.0
519,-137.0,110,72.99270073,110.0,1,False,3,0,1,0,8.05,0.46,0.0,0.0,0.0,1,1,3,0,0,0,0,1,0,0,1,2,175.26,185.42,135,1,0,0,2.81,0.33,1.0,0.0,0.0,0,1,4,0,0,0,0,0,0,0,0,0,165.1,170.18,135,31,26,-1,1,1,1,0,-1,0,1,0,10.16,15.24,-5,5.24,-1.0,0.0,2,500.0,425.0,500.0,1125.0,180.0,275.0
520,-240.0,187,41.66666667,187.0,0,False,3,0,1,0,2.33,0.41,0.0,1.0,0.22,1,1,6,0,0,1,0,0,0,0,1,1,167.64,170.18,135,0,1,0,3.74,0.4,0.0,0.21,0.5,1,2,15,0,0,2,1,0,0,0,3,1,172.72,190.5,135,32,31,0,0,0,-2,-1,-9,0,0,0,-5.08,-20.32,-1,-1.41,0.0,0.79,2,-125.0,350.0,850.0,1000.0,500.0,650.0
521,-190.0,150,52.63157895,150.0,0,False,3,0,0,0,3.2,0.45,0.0,0.0,0.0,0,0,0,0,0,0,0,0,0,0,0,1,177.8,182.88,135,0,1,0,3.01,0.28,0.0,0.0,0.0,1,2,7,0,0,0,0,1,0,0,1,0,170.18,172.72,125,36,25,0,-1,-1,-1,-2,-7,0,-1,0,7.62,10.16,-11,0.19,0.0,0.0,2,275.0,350.0,1700.0,1000.0,160.0,650.0
540,185.0,-235,185.0,42.55319149,1,False,3,1,0,0,4.71,0.49,1.9,1.55,0.33,1,1,5,0,0,0,1,0,0,0,1,0,172.72,175.26,145,1,0,0,1.63,0.33,1.0,1.5,0.3,1,1,6,0,0,0,1,0,0,0,1,0,180.34,170.18,135,31,28,0,0,0,0,0,-1,0,0,0,-7.62,5.08,-3,3.08,0.9,0.05,2,350.0,105.0,650.0,750.0,1125.0,375.0
551,-278.0,225,35.97122302,225.0,1,False,5,2,0,1,3.6,0.4,0.3,2.34,0.31,5,8,89,9,0,0,10,5,2,0,17,0,167.64,172.72,135,1,0,0,5.29,0.42,1.1,0.92,0.21,4,4,26,0,0,0,2,3,3,0,8,0,167.64,165.1,135,33,38,1,0,1,9,4,63,9,2,-1,0.0,7.62,5,-1.69,-0.8,1.42,0,375.0,300.0,425.0,1250.0,105.0,600.0
561,-305.0,240,32.78688525,240.0,1,False,3,1,0,0,3.7,0.48,1.3,0.88,0.42,5,5,34,0,0,0,1,4,4,0,9,2,172.72,177.8,145,0,4,0,6.86,0.58,1.2,1.18,0.5,4,0,8,0,0,0,2,2,0,0,4,2,180.34,182.88,135,25,27,1,-4,1,5,5,26,0,2,4,-7.62,-5.08,2,-3.16,0.1,-0.3,0,155.0,600.0,800.0,500.0,120.0,800.0
563,188.0,-240,188.0,41.66666667,1,False,3,0,4,0,4.01,0.39,0.3,8.67,0.5,4,2,18,0,0,0,4,0,0,0,4,0,167.64,172.72,135,0,1,0,3.3,0.41,0.0,0.76,0.28,3,6,46,3,0,1,3,6,0,0,10,0,160.02,167.64,135,35,29,0,3,1,-6,-4,-28,-3,-6,0,7.62,5.08,-6,0.71,0.3,7.91,0,450.0,-185.0,1500.0,1000.0,375.0,1000.0
581,-186.0,148,53.76344086,148.0,0,False,3,0,0,0,0.0,0.0,0.0,0.0,0.0,0,0,0,0,0,0,0,0,0,0,0,0,172.72,172.72,135,1,0,0,2.27,0.36,0.0,0.0,0.0,0,1,3,0,0,0,0,0,0,0,0,1,167.64,167.64,135,31,29,-1,0,0,0,-1,-3,0,0,0,5.08,5.08,-2,-2.27,0.0,0.0,2,150.0,300.0,1200.0,600.0,250.0,1250.0
586,200.0,-250,200.0,40.0,1,False,3,1,0,0,3.67,0.47,0.0,0.51,0.28,2,2,12,0,0,0,1,1,0,0,2,1,172.72,177.8,135,1,0,0,3.97,0.46,0.1,1.77,0.32,3,4,25,0,0,2,3,0,0,0,5,0,167.64,167.64,135,39,26,0,0,-1,-3,-2,-13,0,1,0,5.08,10.16,-13,-0.3,-0.1,-1.26,2,260.0,140.0,1500.0,1000.0,1125.0,220.0
603,-455.0,320,21.97802198,320.0,0,False,3,0,0,0,3.2,0.46,0.0,2.0,0.28,0,0,0,0,0,0,0,0,0,0,0,2,170.18,177.8,135,1,0,0,4.3,0.43,1.5,1.9,0.71,3,1,10,0,0,0,0,0,3,0,3,0,167.64,175.26,135,27,28,-1,0,-3,-3,-1,-10,0,0,-3,2.54,2.54,1,-1.1,-1.5,0.1,2,180.0,525.0,160.0,1700.0,400.0,1125.0
612,170.0,-215,170.0,46.51162791,0,False,3,0,3,0,4.16,0.55,0.2,4.84,0.79,3,1,10,0,0,0,2,0,1,0,3,1,177.8,190.5,135,0,1,0,3.3,0.48,1.0,4.29,0.52,3,2,16,0,0,0,2,0,2,0,4,0,170.18,180.34,135,28,28,0,2,0,-1,-1,-6,0,0,-1,7.62,10.16,0,0.86,-0.8,0.55,2,325.0,-115.0,550.0,700.0,1125.0,450.0
626,-715.0,475,13.98601399,475.0,0,False,3,2,0,0,1.87,0.59,0.5,0.0,0.0,0,2,6,0,0,0,0,0,0,0,0,1,175.26,177.8,135,0,1,0,3.58,0.5,1.2,4.67,0.57,1,0,3,0,0,0,0,0,1,0,1,0,172.72,180.34,135,25,30,2,-1,-1,-1,2,3,0,0,-1,2.54,-2.54,5,-1.71,-0.7,-4.67,2,265.0,750.0,-150.0,1200.0,325.0,475.0
629,-215.0,175,46.51162791,175.0,0,True,3,2,0,0,3.47,0.44,0.1,0.64,0.65,15,5,68,14,0,0,7,11,0,0,18,0,170.18,177.8,135,0,6,0,5.65,0.46,0.2,1.73,0.53,6,0,15,0,0,0,3,3,0,0,6,2,170.18,170.18,135,27,33,2,-6,9,12,5,53,14,8,0,0.0,7.62,6,-2.18,-0.1,-1.09,0,240.0,400.0,1200.0,1000.0,110.0,375.0
639,-162.0,130,61.72839506,130.0,1,False,3,0,1,0,3.13,0.52,0.0,2.64,0.47,1,3,12,1,0,1,1,0,0,0,2,0,172.72,175.26,135,1,0,0,5.6,0.49,1.0,1.0,0.66,0,1,3,0,0,0,0,0,0,0,0,0,177.8,185.42,135,31,34,-1,1,1,2,2,9,1,0,0,-5.08,-10.16,3,-2.47,-1.0,1.64,2,180.0,220.0,600.0,600.0,350.0,1000.0
667,-167.0,157,59.88023952,157.0,0,False,3,3,0,0,3.28,0.36,0.2,0.66,0.15,2,4,1,0,0,1,0,0,1,0,2,0,167.64,165.1,135,2,0,0,4.25,0.55,0.4,0.85,0.2,1,2,0,0,0,0,1,0,0,0,1,0,167.64,175.26,125,30,25,1,0,1,1,2,1,0,0,1,0.0,-10.16,-5,-0.97,-0.2,-0.19,2,125.0,300.0,750.0,567.0,495.0,950.0
671,-135.0,125,74.07407407,125.0,0,False,3,0,0,0,0.0,0.0,0.0,0.0,0.0,0,0,0,0,0,0,0,0,0,0,0,1,165.1,165.1,125,2,0,0,3.0,0.27,0.0,0.0,0.0,0,2,0,0,0,0,0,0,0,0,0,0,170.18,172.72,125,36,27,-2,0,0,0,-2,0,0,0,0,-5.08,-7.62,-9,-3.0,0.0,0.0,2,185.0,260.0,600.0,2200.0,508.0,353.0
674,120.0,-140,120.0,71.42857143,1,False,3,3,0,0,3.53,0.37,0.0,0.94,0.33,6,3,18,3,0,0,2,4,0,0,6,0,172.72,165.1,135,2,0,0,3.32,0.41,0.3,1.54,0.38,7,6,54,0,0,4,7,2,1,0,14,0,165.1,167.64,135,37,28,1,0,-1,-8,-3,-36,3,2,-1,7.62,-2.54,-9,0.21,-0.3,-0.6,0,320.0,265.0,1030.0,2500.0,400.0,155.0
675,-115.0,-105,86.95652174,95.23809524,0,False,3,0,5,0,7.14,0.48,0.6,1.24,0.5,5,0,11,0,0,1,1,2,1,0,5,2,180.34,177.8,135,0,4,0,4.85,0.5,0.8,1.91,0.29,4,3,35,0,0,0,6,1,3,0,10,0,170.18,180.34,135,30,28,0,1,1,-5,-3,-24,0,1,-2,10.16,-2.54,-2,2.29,-0.2,-0.67,0,155.0,195.0,525.0,955.0,900.0,470.0
677,400.0,-500,400.0,20.0,1,False,3,0,3,0,6.87,0.57,1.2,1.24,0.5,3,0,7,0,0,0,2,1,0,0,3,2,180.34,182.88,135,0,1,0,3.41,0.29,0.1,0.28,0.28,4,9,47,3,0,1,2,8,0,0,11,0,170.18,175.26,135,35,25,0,2,-1,-8,-9,-40,-3,-7,0,10.16,7.62,-10,3.46,1.1,0.96,2,925.0,250.0,3500.0,534.0,655.0,-160.0
694,230.0,-270,230.0,37.03703704,1,False,3,1,0,0,3.39,0.4,0.6,1.4,0.5,2,1,9,0,0,0,2,0,0,0,2,1,170.18,172.72,135,0,1,0,4.22,0.46,2.1,1.65,0.34,4,6,30,0,0,0,2,3,2,0,7,0,177.8,185.42,135,28,29,1,-1,-2,-5,-5,-21,0,-3,-2,-7.62,-12.7,1,-0.83,-1.5,-0.25,2,560.0,-140.0,625.0,600.0,875.0,780.0
710,-170.0,150,58.82352941,150.0,0,False,3,0,2,0,1.36,0.52,1.1,4.26,0.51,3,4,33,1,0,0,5,0,2,0,7,0,162.56,160.02,135,2,0,0,2.96,0.4,0.2,6.53,0.49,3,2,13,0,0,0,2,1,0,0,3,0,167.64,175.26,135,27,26,-2,2,0,4,2,20,1,-1,2,-5.08,-15.24,-1,-1.6,0.9,-2.27,2,129.0,245.0,1100.0,650.0,495.0,1385.0
725,-225.0,185,44.44444444,185.0,0,True,5,1,0,0,3.53,0.31,0.1,3.17,0.5,12,2,51,5,0,2,8,2,0,0,12,0,172.72,172.72,135,0,5,0,3.82,0.44,0.2,2.16,0.35,5,2,30,4,0,2,4,3,0,0,9,0,162.56,162.56,135,33,35,-1,-5,7,3,0,21,1,-1,0,10.16,10.16,-2,-0.29,-0.1,1.01,0,178.0,220.0,1600.0,1700.0,210.0,1450.0
745,-330.0,300,30.303030300000003,300.0,0,False,3,0,1,0,3.49,0.47,0.7,2.64,0.45,4,2,18,0,0,0,4,0,1,0,5,0,172.72,175.26,135,0,2,0,6.75,0.56,1.3,1.31,0.5,2,0,6,0,0,0,2,0,0,0,2,2,180.34,182.88,135,25,29,0,-1,2,3,-2,12,0,0,1,-7.62,-7.62,-4,-3.26,-0.6,1.33,2,190.0,435.0,300.0,1440.0,250.0,1425.0
750,-120.0,110,83.33333333,110.0,0,False,3,1,0,0,2.8,0.52,0.3,2.8,0.5,1,3,11,0,0,0,2,0,0,0,2,1,167.64,172.72,135,1,0,0,5.67,0.36,0.0,0.0,0.0,0,1,3,0,0,0,0,0,0,0,0,0,170.18,177.8,135,30,40,0,0,1,2,-2,8,0,0,0,-2.54,-5.08,-10,-2.87,0.3,2.8,2,285.0,215.0,425.0,1360.0,405.0,455.0
756,-130.0,110,76.92307692,110.0,1,False,3,0,0,0,18.26,0.56,0.0,0.0,0.0,0,0,0,0,0,0,0,0,0,0,0,0,172.72,179.0,135,1,0,0,0.53,0.5,0.0,1.0,0.16,0,1,3,0,0,0,0,0,0,0,0,0,167.64,180.34,135,25,24,1,0,0,0,1,-3,0,0,0,5.08,-1.34,1,17.73,0.0,-1.0,2,190.0,210.0,575.0,665.0,500.0,625.0
781,-380.0,315,26.31578947,315.0,0,False,3,0,0,0,2.81,0.33,1.0,0.0,0.0,0,0,0,0,0,0,0,0,0,0,0,0,165.1,170.18,135,1,0,0,3.05,0.39,0.7,2.13,0.64,3,1,10,0,0,1,1,1,0,0,3,0,175.26,182.88,135,23,30,1,0,-3,-3,1,-10,0,-1,0,-10.16,-12.7,-7,-0.24,0.3,-2.13,2,115.0,540.0,350.0,1550.0,415.0,760.0
789,-140.0,120,71.42857143,120.0,0,False,3,1,0,0,2.7,0.26,0.5,1.0,0.2,0,1,3,0,0,0,0,0,0,0,0,0,165.1,177.8,135,1,0,0,3.74,0.4,0.0,0.21,0.5,1,1,6,0,0,1,0,0,0,0,1,1,172.72,190.5,135,31,33,0,0,-1,-1,0,-3,0,0,0,-7.62,-12.7,-2,-1.04,0.5,0.79,2,275.0,300.0,1000.0,300.0,325.0,800.0
804,-470.0,375,21.27659574,375.0,0,False,3,0,0,0,1.32,0.34,0.0,0.71,0.5,0,0,0,0,0,0,0,0,0,0,0,0,177.8,180.34,135,0,3,0,3.43,0.47,1.4,0.76,0.38,3,4,28,0,0,0,1,3,3,0,7,2,172.72,177.8,135,26,25,0,-3,-3,-7,4,-28,0,-3,-3,5.08,2.54,1,-2.11,-1.4,-0.05,2,365.0,500.0,205.0,2000.0,165.0,1050.0
817,130.0,-150,130.0,66.66666667,0,False,3,0,3,0,4.24,0.42,2.0,2.05,0.66,3,0,7,0,0,0,0,0,3,0,3,0,167.64,175.26,135,2,0,0,3.28,0.4,0.0,0.8,0.28,3,6,43,2,0,1,3,5,0,0,9,0,160.02,167.64,135,35,26,2,3,0,-6,6,-36,-2,-5,3,7.62,7.62,9,0.96,2.0,1.25,0,175.0,115.0,2750.0,730.0,550.0,880.0
820,150.0,-170,150.0,58.82352941,1,False,3,0,2,0,3.75,0.37,0.0,6.75,0.43,2,2,12,0,0,0,2,0,0,0,2,0,167.64,172.72,135,0,2,0,3.48,0.41,0.8,1.75,0.5,2,0,6,0,0,0,2,0,0,0,2,1,170.18,172.72,135,28,29,0,0,0,0,-2,6,0,0,0,-2.54,0.0,-1,0.27,-0.8,5.0,0,240.0,-145.0,680.0,1900.0,950.0,1050.0
824,320.0,-355,320.0,28.16901408,0,False,3,0,3,0,2.96,0.4,0.2,6.53,0.49,3,0,9,0,0,0,2,1,0,0,3,0,167.64,175.26,135,0,1,0,2.65,0.4,0.8,1.54,0.3,6,9,78,4,0,0,5,2,12,0,19,0,167.64,170.18,135,40,26,0,2,-3,-16,9,-69,-4,-1,-12,0.0,5.08,14,0.31,-0.6,4.99,1,500.0,-150.0,700.0,1200.0,1200.0,350.0
831,-220.0,180,45.45454545,180.0,1,False,3,0,1,0,3.67,0.47,0.0,0.51,0.28,1,1,6,0,0,0,1,0,0,0,1,1,172.72,177.8,135,0,2,0,2.36,0.33,1.0,0.25,0.2,2,0,6,0,0,1,1,0,0,0,2,0,167.64,182.88,135,26,25,0,-1,-1,-1,-1,0,0,0,0,5.08,-5.08,1,1.31,-1.0,0.26,2,135.0,274.0,760.0,977.0,540.0,845.0
833,-105.0,-105,95.23809524,95.23809524,0,False,3,0,1,0,4.84,0.39,0.0,0.0,0.0,1,1,6,0,0,0,1,0,0,0,1,0,170.18,177.8,135,1,0,0,4.49,0.44,0.3,0.0,0.0,1,1,4,0,0,0,1,0,0,0,1,2,177.8,185.42,135,25,28,1,1,0,0,0,2,0,0,0,-7.62,-7.62,-3,0.35,-0.3,0.0,2,185.0,220.0,859.0,915.0,625.0,400.0
844,-185.0,160,54.05405405,160.0,0,False,3,0,0,0,0.53,0.5,0.0,1.0,0.16,0,0,0,0,0,0,0,0,0,0,0,0,167.64,180.34,135,2,0,0,1.26,0.49,1.2,3.66,0.5,3,4,27,1,0,0,3,0,2,0,5,0,162.56,160.02,135,25,24,2,0,-3,-5,4,-27,-1,0,-2,5.08,20.32,1,-0.73,-1.2,-2.66,2,130.0,330.0,375.0,635.0,1635.0,700.0
845,150.0,-170,150.0,58.82352941,0,False,3,1,0,0,5.1,0.36,0.0,1.5,0.25,0,1,3,0,0,0,0,0,0,0,0,0,167.64,175.26,135,1,0,0,6.19,0.45,0.0,0.6,0.33,0,1,1,0,0,0,0,0,0,0,0,2,175.26,175.26,135,26,26,0,0,0,0,0,2,0,0,0,-7.62,0.0,0,-1.09,0.0,0.9,2,225.0,185.0,1015.0,855.0,1415.0,290.0
846,-400.0,325,25.0,325.0,1,False,3,1,0,0,1.13,0.42,1.0,2.0,0.25,0,1,3,0,0,0,0,0,0,0,0,0,172.72,175.26,135,0,0,0,2.04,0.5,1.3,2.0,0.42,0,0,0,0,0,0,0,0,0,0,0,1,182.88,185.42,135,29,35,-1,0,0,0,-1,3,0,0,0,-10.16,-10.16,-6,-0.91,-0.3,0.0,2,175.0,500.0,265.0,1165.0,300.0,1170.0
878,-132.0,112,75.75757576,112.0,1,False,3,0,1,0,7.45,0.49,0.0,0.81,0.33,1,1,4,0,0,0,1,0,0,0,1,2,175.26,175.26,135,0,1,0,3.47,0.53,0.0,2.0,0.66,1,0,3,0,0,1,0,0,0,0,1,0,170.18,167.64,135,25,26,0,0,0,0,-1,1,0,0,0,5.08,7.62,-1,3.98,0.0,-1.19,2,130.0,215.0,825.0,700.0,700.0,675.0
879,-125.0,105,80.0,105.0,1,False,3,1,0,0,2.53,0.3,1.0,0.0,0.0,0,1,3,0,0,0,0,0,0,0,0,0,165.1,170.18,135,1,0,0,2.06,0.51,1.4,2.06,0.42,0,1,3,0,0,0,0,0,0,0,0,1,182.88,185.42,135,30,30,0,0,0,0,0,0,0,0,0,-17.78,-15.24,0,0.47,-0.4,-2.06,2,205.0,205.0,325.0,850.0,870.0,550.0
880,-133.0,113,75.18796992,113.0,0,False,3,0,2,0,3.42,0.48,0.0,0.68,0.5,2,1,9,0,0,0,1,1,0,0,2,1,172.72,177.8,135,1,0,0,3.32,0.39,0.0,0.26,0.5,1,2,12,0,0,1,1,0,0,0,2,1,172.72,190.5,135,32,25,1,2,1,0,1,-3,0,1,0,0.0,-12.7,7,0.1,0.0,0.42,2,140.0,240.0,1425.0,405.0,660.0,700.0
892,-175.0,155,57.14285714,155.0,1,False,3,0,1,0,3.65,0.55,0.0,0.38,0.33,1,1,5,0,0,0,1,0,0,0,1,0,175.26,170.18,135,0,1,0,2.97,0.47,0.0,4.0,0.5,1,0,3,0,0,0,1,0,0,0,1,0,170.18,182.88,135,27,28,0,0,0,0,-1,2,0,0,0,5.08,-12.7,-1,0.68,0.0,-3.62,2,210.0,215.0,325.0,1175.0,900.0,650.0
901,220.0,-260,220.0,38.46153846,1,False,3,0,4,0,7.14,0.48,0.6,1.24,0.5,4,0,8,0,0,1,0,2,1,0,4,2,180.34,177.8,135,1,0,0,3.32,0.41,0.3,1.54,0.38,7,5,51,0,0,4,7,2,1,0,14,0,165.1,167.64,135,37,27,1,4,-3,-10,5,-43,0,0,0,15.24,10.16,10,3.82,0.3,-0.3,0,320.0,-135.0,975.0,900.0,1400.0,508.0
905,-190.0,165,52.63157895,165.0,0,False,3,0,1,0,4.65,0.35,0.1,0.71,0.45,1,3,13,0,0,0,1,0,1,0,2,0,177.8,182.88,135,0,1,0,2.52,0.44,1.1,2.53,0.59,3,2,17,0,0,1,0,0,3,0,4,0,175.26,185.42,135,31,29,0,0,-2,-2,-1,-4,0,0,-2,2.54,-2.54,2,2.13,-1.0,-1.82,2,165.0,279.0,240.0,1050.0,942.0,900.0
913,140.0,-160,140.0,62.5,0,False,3,1,0,0,2.77,0.44,0.2,1.25,0.53,1,4,17,0,0,0,1,1,0,0,2,0,175.26,177.8,135,1,0,0,5.02,0.59,1.4,0.68,1.0,0,1,2,0,0,0,0,0,0,0,0,1,172.72,182.88,135,23,30,0,0,1,2,-3,15,0,1,0,2.54,-5.08,-7,-2.25,-1.2,0.57,2,215.0,245.0,1350.0,475.0,600.0,325.0
916,-120.0,100,83.33333333,100.0,0,False,3,0,0,0,5.67,0.36,0.0,0.0,0.0,0,0,0,0,0,0,0,0,0,0,0,0,170.18,177.8,135,0,0,0,2.77,0.37,0.0,3.5,0.35,0,0,0,0,0,0,0,0,0,0,0,0,165.1,167.64,135,27,30,0,0,0,0,0,0,0,0,0,5.08,10.16,-3,2.9,0.0,-3.5,2,360.0,260.0,1000.0,925.0,270.0,320.0
936,115.0,-135,115.0,74.07407407,1,False,3,0,0,0,3.47,0.53,0.0,2.0,0.66,0,0,0,0,0,0,0,0,0,0,0,0,170.18,167.64,135,0,1,0,1.63,0.33,1.0,1.5,0.3,1,0,3,0,0,0,1,0,0,0,1,0,180.34,170.18,135,30,25,0,-1,-1,-1,0,-3,0,0,0,-10.16,-2.54,5,1.84,-1.0,0.5,2,240.0,170.0,705.0,730.0,650.0,484.0
937,-130.0,110,76.92307692,110.0,1,False,3,0,0,0,4.0,0.5,2.5,2.0,0.33,0,0,0,0,0,0,0,0,0,0,0,0,172.72,175.26,135,1,0,0,3.33,0.51,0.0,1.25,0.22,2,1,9,0,0,0,2,0,0,0,2,0,167.64,162.56,135,27,27,1,0,-2,-2,1,-9,0,0,0,5.08,12.7,0,0.67,2.5,0.75,2,155.0,180.0,475.0,1795.0,1075.0,725.0
944,-150.0,130,66.66666667,130.0,0,False,3,1,0,0,2.1,0.21,0.0,0.0,0.0,0,1,2,0,0,0,0,0,0,0,0,1,162.56,170.18,135,1,0,0,3.49,0.47,0.7,2.64,0.45,4,2,15,0,0,0,3,0,1,0,4,0,172.72,175.26,135,29,23,0,0,-4,-4,1,-13,0,0,-1,-10.16,-5.08,6,-1.39,-0.7,-2.64,2,145.0,300.0,575.0,850.0,600.0,385.0
963,-235.0,195,42.55319149,195.0,0,False,3,1,0,0,1.32,0.34,0.0,0.71,0.5,0,1,2,0,0,0,0,0,0,0,0,0,177.8,180.34,135,0,0,0,3.58,0.5,1.2,4.67,0.57,0,0,0,0,0,0,0,0,0,0,0,0,172.72,180.34,135,24,25,-1,0,0,0,-1,2,0,0,0,5.08,0.0,-1,-2.26,-1.2,-3.96,2,210.0,435.0,245.0,1615.0,450.0,470.0
974,-220.0,180,45.45454545,180.0,0,False,3,0,0,0,1.54,0.4,0.0,2.31,0.18,0,0,0,0,0,0,0,0,0,0,0,0,162.56,165.1,135,0,1,0,2.64,0.5,0.5,0.0,0.0,1,1,4,0,0,0,0,1,0,0,1,0,165.1,175.26,135,27,29,0,-1,-1,-1,1,-4,0,-1,0,-2.54,-10.16,-2,-1.1,-0.5,2.31,2,210.0,350.0,1075.0,934.0,160.0,900.0
997,-140.0,120,71.42857143,120.0,0,False,3,0,1,0,3.32,0.39,0.0,0.26,0.5,1,1,9,0,0,1,1,0,0,0,2,1,172.72,190.5,135,0,4,0,3.43,0.47,1.4,0.76,0.38,4,4,28,0,0,0,1,3,4,0,8,2,172.72,177.8,135,26,31,0,-3,-3,-6,3,-19,0,-3,-4,0.0,12.7,-5,-0.11,-1.4,-0.5,2,525.0,165.0,155.0,2200.0,600.0,890.0
1009,130.0,-150,130.0,66.66666667,0,False,3,1,0,0,4.13,0.37,0.0,0.0,0.0,0,1,1,0,0,0,0,0,0,0,0,1,175.26,175.26,135,1,0,0,8.05,0.46,0.0,0.0,0.0,0,1,2,0,0,0,0,0,0,0,0,2,175.26,185.42,135,25,28,0,0,0,0,0,-1,0,0,0,0.0,-10.16,-3,-3.92,0.0,0.0,2,395.0,310.0,1050.0,750.0,335.0,225.0
1107,145.0,-165,145.0,60.60606061,0,True,5,0,4,0,22.6,0.466,0.4,0.2,0.1,4,1,9,0,0,1,0,2,1,0,4,0,167.64,170.18,135,0,4,0,44.0,0.466,0.1,1.9,0.45799999999999996,4,2,27,3,0,2,4,2,0,0,8,0,162.56,162.56,135,32,31,0,0,0,-4,1,-18,-3,0,1,5.08,7.62,1,-21.4,0.3,-1.7,1,250.0,450.0,800.0,650.0,450.0,180.0
1110,300.0,-360,300.0,27.77777778,1,False,3,0,4,0,70.25,0.55,0.25,1.25,0.2875,4,0,9,0,0,0,2,2,0,0,4,2,170.18,170.18,135,1,0,0,45.75,0.36625,0.0,0.625,0.10375,5,2,20,0,0,1,4,1,0,0,6,0,162.56,172.72,135,29,26,1,4,-1,-2,2,-11,0,1,0,7.62,-2.54,3,24.5,0.25,0.625,0,400.0,125.0,1800.0,1400.0,1200.0,160.0
1113,-160.0,140,62.5,140.0,0,False,3,0,3,0,41.5,0.499166667,0.666666667,0.583333333,0.233333333,4,4,23,0,0,0,2,3,3,0,8,0,167.64,165.1,135,0,3,0,52.25,0.49,0.75,1.75,0.4175,4,3,32,0,0,0,5,1,3,0,9,0,170.18,180.34,135,29,32,0,0,0,-1,-1,-9,0,2,0,-2.54,-15.24,-3,-10.75,-0.083333333,-1.166666667,0,135.0,328.0,1278.0,489.0,600.0,550.0
1160,140.0,-160,140.0,62.5,1,False,3,0,1,0,56.66666667,0.35,0.0,7.333333333,0.45333333299999995,1,2,9,0,0,0,1,0,0,0,1,0,167.64,172.72,135,0,2,0,73.5,0.555,0.0,1.0,0.14,2,0,6,1,0,0,2,0,0,0,2,0,167.64,162.56,135,27,28,0,-1,-1,-1,-2,3,-1,0,0,0.0,10.16,-1,-16.83333333,0.0,6.333333333,2,225.0,110.0,700.0,800.0,800.0,600.0
1164,-175.0,155,57.14285714,155.0,1,False,3,1,0,0,74.0,0.36,0.0,0.0,0.0,0,1,3,0,0,0,0,0,0,0,0,0,170.18,177.8,135,1,0,0,45.0,0.41,0.0,0.0,0.0,1,1,6,0,0,0,1,0,0,0,1,0,172.72,172.72,135,31,28,0,0,-1,-1,0,-3,0,0,0,-2.54,5.08,3,29.0,0.0,0.0,2,112.0,286.0,500.0,1350.0,868.0,599.0
1173,-155.0,135,64.51612903,135.0,1,False,3,0,3,0,54.33333333,0.47666666700000004,0.666666667,0.666666667,0.5,3,0,5,0,0,0,0,2,1,0,3,2,180.34,177.8,135,0,2,0,60.26666667,0.414,0.46666666700000003,0.4,0.166666667,6,3,38,0,0,1,4,6,1,0,12,0,160.02,170.18,135,28,27,0,1,-3,-9,3,-33,0,-4,0,20.32,7.62,1,-5.93333334,0.2,0.26666666699999997,0,250.0,300.0,1400.0,400.0,175.0,700.0
1203,-600.0,450,16.66666667,450.0,0,False,3,0,1,0,42.6,0.434,0.2,1.4,0.314,1,3,14,0,0,0,1,1,0,0,2,0,175.26,177.8,135,0,1,0,26.0,0.53,0.5,1.0,0.5,1,1,4,0,0,0,0,0,1,0,1,1,177.8,190.5,135,26,30,0,0,0,1,-2,10,0,1,-1,-2.54,-12.7,-4,16.6,-0.3,0.4,2,115.0,839.0,290.0,2450.0,325.0,1025.0
1218,-365.0,328,27.39726027,328.0,0,False,3,0,2,0,31.0,0.483333333,0.333333333,0.666666667,0.22,2,1,7,0,0,1,0,0,1,0,2,0,167.64,165.1,135,1,0,0,37.75,0.4725,0.75,2.0,0.5125,3,1,7,0,0,0,1,1,1,0,3,0,167.64,165.1,135,27,24,1,2,-1,-1,0,0,0,-1,0,0.0,0.0,3,-6.75,-0.41666666700000005,-1.333333333,2,137.0,475.0,337.0,962.0,380.0,1950.0
1226,-170.0,150,58.82352941,150.0,0,False,3,0,2,0,58.25,0.465,0.125,1.75,0.26375,3,3,24,0,0,2,3,0,0,0,5,0,167.64,167.64,135,0,2,0,37.1,0.457,1.0,0.6,0.27399999999999997,3,4,25,0,0,0,1,2,3,0,6,2,172.72,177.8,135,26,38,0,0,0,-1,1,-1,0,-2,-3,-5.08,-10.16,-12,21.15,-0.875,1.15,2,234.0,175.0,410.0,1565.0,402.0,1940.0
1234,-335.0,275,29.85074627,275.0,0,False,3,0,4,0,40.8,0.488,0.8,2.4,0.498,4,1,13,1,0,0,3,0,1,0,4,2,172.72,175.26,135,0,2,0,47.0,0.435,1.0,1.0,0.33,2,0,5,0,0,0,0,0,2,0,2,0,167.64,175.26,135,25,28,0,2,2,2,-1,8,1,0,-1,5.08,0.0,-3,-6.2,-0.2,1.4,2,200.0,375.0,400.0,1200.0,175.0,1600.0
1253,-130.0,110,76.92307692,110.0,1,False,3,0,2,0,34.75,0.3675,0.5,0.25,0.25,2,2,8,0,0,1,1,0,0,0,2,0,172.72,177.8,135,0,1,0,45.81818182,0.46727272700000005,1.727272727,1.363636364,0.304545455,4,5,28,0,0,0,2,2,2,0,6,0,175.26,172.72,135,27,29,0,1,-2,-4,3,-20,0,-2,-2,-2.54,5.08,-2,-11.06818182,-1.2272727270000001,-1.113636364,2,315.0,200.0,355.0,735.0,525.0,625.0
1260,-160.0,140,62.5,140.0,1,False,3,0,2,0,43.0,0.496363636,0.727272727,0.636363636,0.254545455,4,4,22,0,0,0,2,2,3,0,7,0,167.64,165.1,135,2,0,0,32.5,0.36875,0.0,0.625,0.135,6,2,17,3,0,0,2,4,0,0,6,0,172.72,165.1,135,27,32,2,2,-2,1,-2,5,-3,-2,3,-5.08,0.0,-5,10.5,0.727272727,0.011363636000000002,0,280.0,450.0,2000.0,375.0,160.0,500.0
1263,-170.0,150,58.82352941,150.0,0,False,3,0,4,0,40.22222222,0.347777778,0.111111111,0.333333333,0.11,4,2,21,1,0,1,3,3,0,0,7,0,167.64,170.18,135,1,0,0,66.75,0.4525,0.0,3.75,0.615,3,1,11,0,0,2,1,0,0,0,3,0,167.64,162.56,135,29,29,1,4,1,4,-1,10,1,3,0,0.0,7.62,0,-26.52777778,0.111111111,-3.416666667,0,-155.0,325.0,1200.0,900.0,1000.0,700.0
1272,225.0,-265,225.0,37.73584906,1,False,3,0,3,0,67.0,0.563333333,0.333333333,1.0,0.25,3,0,6,0,0,0,1,2,0,0,3,2,170.18,170.18,135,1,0,0,46.14285714,0.425,0.0,0.642857143,0.23142857100000003,3,5,40,3,0,1,3,4,0,1,9,0,160.02,167.64,135,34,26,1,3,0,-6,5,-34,-3,-3,0,10.16,2.54,8,20.85714286,0.333333333,0.35714285700000004,0,325.0,-125.0,2500.0,1800.0,1040.0,430.0
1287,-135.0,115,74.07407407,115.0,1,False,3,0,2,0,47.81818182,0.48272727299999996,0.818181818,1.9090909090000001,0.455454545,4,3,29,0,0,0,4,1,3,0,8,0,170.18,180.34,135,0,1,0,48.85714286,0.37857142899999996,0.0,0.7142857140000001,0.118571429,5,1,17,0,0,1,4,1,0,0,6,0,162.56,172.72,135,29,29,0,1,-1,2,-2,12,0,0,3,7.62,7.62,0,-1.03896104,0.818181818,1.194805195,0,115.0,220.0,1350.0,650.0,550.0,850.0
1288,170.0,-200,170.0,50.0,1,False,3,0,2,0,7.5,0.51,2.5,0.5,0.1,2,0,3,0,0,0,0,0,2,0,2,0,177.8,180.34,135,0,1,0,78.0,0.41,1.0,0.0,0.0,1,0,3,0,0,0,1,0,0,0,1,2,177.8,185.42,135,24,24,0,1,1,1,0,0,0,0,2,0.0,-5.08,0,-70.5,1.5,0.5,2,454.0,514.0,1450.0,-110.0,381.0,1100.0
1291,130.0,-150,130.0,66.66666667,1,False,3,1,0,0,40.8,0.5,0.2,0.2,0.1,1,3,9,0,0,0,1,0,1,0,2,1,167.64,170.18,135,3,0,0,54.93333333,0.379333333,0.333333333,1.466666667,0.282,7,6,46,6,0,0,4,2,3,0,9,0,167.64,177.8,135,32,33,2,0,-6,-7,3,-37,-6,-2,-2,0.0,-7.62,-1,-14.13333333,-0.133333333,-1.266666667,2,432.0,175.0,475.0,700.0,485.0,335.0
1295,-115.0,-105,86.95652174,95.23809524,1,False,3,0,2,0,29.5,0.4,0.5,4.5,0.315,2,0,6,0,0,0,1,1,0,0,2,0,167.64,175.26,135,0,3,0,18.2,0.47,1.4,2.266666667,0.357333333,4,4,36,0,0,1,4,0,6,0,11,0,167.64,170.18,135,34,26,0,-1,-2,-9,4,-30,0,1,-6,0.0,5.08,8,11.3,-0.9,2.233333333,0,450.0,150.0,165.0,1200.0,2200.0,600.0
1301,290.0,-350,290.0,28.57142857,1,False,3,1,0,0,31.33333333,0.38333333299999994,1.166666667,2.0,0.591666667,3,3,16,0,0,1,0,0,2,0,3,0,175.26,185.42,135,2,0,0,34.75,0.4675,0.0,0.375,0.0725,2,5,19,0,0,0,1,2,0,0,3,1,170.18,175.26,135,27,31,1,0,1,0,2,-3,0,-2,2,5.08,10.16,-4,-3.41666667,1.166666667,1.625,2,700.0,183.0,2320.0,175.0,475.0,570.0
1303,105.0,-125,105.0,80.0,1,False,3,1,0,0,71.0,0.63,0.0,1.0,0.5,0,1,3,0,0,0,0,0,0,0,0,1,172.72,177.8,135,2,0,0,24.0,0.39,0.0,3.0,0.43,0,2,5,0,0,0,0,0,0,0,0,0,175.26,175.26,135,29,32,1,0,0,0,1,-2,0,0,0,-2.54,2.54,-3,47.0,0.0,-2.0,2,205.0,190.0,901.0,522.0,775.0,600.0
1304,130.0,-150,130.0,66.66666667,1,False,5,0,3,0,25.75,0.475,0.25,0.25,0.125,3,1,8,0,0,1,0,2,0,0,3,0,167.64,170.18,135,0,4,0,47.15384615,0.41769230799999996,0.153846154,1.0,0.253846154,7,2,35,0,0,3,5,2,1,0,11,0,165.1,167.64,135,36,30,0,-1,-4,-8,1,-27,0,0,-1,2.54,2.54,6,-21.40384615,0.096153846,-0.75,0,240.0,160.0,1200.0,1400.0,750.0,275.0
1315,-170.0,150,58.82352941,150.0,1,False,3,0,1,0,65.0,0.57,0.0,1.0,0.09,1,0,3,0,0,1,0,0,0,0,1,0,172.72,177.8,135,0,3,0,47.0,0.436666667,0.666666667,1.333333333,0.36666666700000006,3,0,9,0,0,1,1,1,0,0,3,0,175.26,182.88,135,23,26,0,-2,-2,-2,0,-6,0,-1,0,-2.54,-5.08,-3,18.0,-0.666666667,-0.333333333,2,175.0,178.0,420.0,1050.0,592.0,1775.0
1336,290.0,-350,290.0,28.57142857,1,False,3,0,2,0,62.5,0.525,0.0,0.0,0.0,2,0,4,0,0,0,1,1,0,0,2,2,170.18,170.18,135,0,1,0,52.6,0.344,0.0,0.8,0.466,2,2,14,0,0,0,2,1,0,0,3,0,170.18,172.72,135,33,25,0,1,0,-1,2,-10,0,0,0,0.0,-2.54,8,9.9,0.0,-0.8,0,400.0,110.0,2000.0,800.0,750.0,200.0
1338,-120.0,100,83.33333333,100.0,0,False,3,0,1,0,53.0,0.43,0.0,1.0,1.0,1,0,3,0,0,1,0,0,0,0,1,1,172.72,190.5,135,0,1,0,33.0,0.34,1.0,0.0,0.0,1,0,2,0,0,0,0,0,1,0,1,0,167.64,175.26,135,25,30,0,0,0,0,0,1,0,0,-1,5.08,15.24,-5,20.0,-1.0,1.0,2,200.0,300.0,550.0,600.0,350.0,450.0
1341,155.0,-175,155.0,57.14285714,1,False,3,1,0,0,42.0,0.44,0.0,2.0,1.0,0,1,3,0,0,0,0,0,0,0,0,1,177.8,190.5,135,1,0,0,47.0,0.42200000000000004,0.4,0.8,0.348,2,2,11,0,0,0,1,1,1,0,3,2,167.64,167.64,135,32,26,0,0,-2,-3,1,-8,0,-1,-1,10.16,22.86,6,-5.0,-0.4,1.2,2,275.0,150.0,600.0,1000.0,800.0,350.0
1344,-165.0,145,60.60606061,145.0,0,False,3,1,0,0,54.33333333,0.374166667,0.41666666700000005,0.916666667,0.273333333,4,4,37,0,0,1,7,0,0,0,8,0,167.64,175.26,135,1,0,0,36.375,0.43875,0.5,0.625,0.25375,2,3,15,0,0,0,0,4,1,0,5,0,172.72,180.34,135,31,25,0,0,2,3,-1,22,0,-4,-1,-5.08,-5.08,6,17.95833333,-0.083333333,0.291666667,0,200.0,200.0,850.0,1400.0,240.0,1200.0
1363,-160.0,140,62.5,140.0,0,False,3,2,0,0,28.6,0.536,1.0,2.2,0.7,2,3,12,0,0,0,1,1,0,0,2,1,170.18,175.26,135,0,1,0,71.0,0.63,0.0,2.0,0.28,1,0,3,1,0,0,1,0,0,0,1,0,167.64,162.56,135,26,31,-2,-1,1,1,-3,9,-1,1,0,2.54,12.7,-5,-42.4,1.0,0.2,2,181.0,230.0,400.0,825.0,506.0,1250.0
1382,-290.0,245,34.48275862,245.0,0,False,3,1,0,0,32.11111111,0.325555556,0.666666667,2.111111111,0.355555556,2,3,25,0,0,1,1,0,4,0,6,0,172.72,172.72,135,0,1,0,43.8,0.486,0.8,0.7,0.28,4,4,21,0,0,0,2,1,3,0,6,0,167.64,165.1,135,32,34,-1,-1,-2,0,1,4,0,-1,1,5.08,7.62,-2,-11.68888889,-0.133333333,1.4111111109999999,0,100.0,329.0,325.0,1275.0,625.0,2020.0
1408,260.0,-320,260.0,31.25,1,False,3,0,1,0,38.55555556,0.43222222200000004,0.8888888890000001,0.444444444,0.193333333,3,4,23,0,0,0,1,2,2,0,5,2,172.72,177.8,135,0,1,0,27.75,0.51,0.25,1.75,0.475,1,2,9,0,0,0,2,0,0,0,2,1,167.64,172.72,135,38,25,0,0,2,3,-2,14,0,2,2,5.08,5.08,13,10.80555556,0.638888889,-1.3055555559999998,2,350.0,300.0,1600.0,175.0,800.0,300.0
1427,-230.0,190,43.47826087,190.0,0,False,3,2,0,0,33.5,0.2625,0.25,0.5,0.25,1,3,9,0,0,1,0,0,0,0,1,0,167.64,172.72,135,0,1,0,13.5,0.53,0.5,1.0,0.33,1,1,4,0,0,0,0,0,1,0,1,0,167.64,165.1,135,24,27,-2,-1,0,0,-2,5,0,0,-1,0.0,7.62,-3,20.0,-0.25,-0.5,2,225.0,320.0,180.0,1355.0,900.0,800.0
1488,-550.0,425,18.18181818,425.0,0,False,3,3,0,0,77.66666667,0.333333333,0.0,0.666666667,0.11,0,3,9,0,0,0,0,0,0,0,0,0,172.72,180.34,135,2,0,0,54.0,0.34,0.0,8.5,0.37,0,2,6,0,0,0,0,0,0,0,0,0,167.64,172.72,135,27,32,-1,0,0,0,-1,3,0,0,0,5.08,7.62,-5,23.66666667,0.0,-7.833333333,2,-172.0,726.0,569.0,1900.0,485.0,1105.0
1492,-150.0,130,66.66666667,130.0,0,False,3,0,1,0,46.53846154,0.43076923100000003,0.0,0.692307692,0.249230769,3,4,37,3,0,1,3,4,0,1,9,0,160.02,167.64,135,1,0,0,46.66666667,0.36,0.0,0.833333333,0.138333333,5,1,14,0,0,1,3,1,0,0,5,0,162.56,172.72,135,29,33,1,1,-2,4,-3,23,3,4,0,-2.54,-5.08,-4,-0.12820513,0.0,-0.141025641,0,100.0,250.0,1245.0,1445.0,1075.0,485.0
1495,-170.0,150,58.82352941,150.0,0,False,3,0,3,0,85.0,0.513333333,0.0,4.0,0.48666666700000005,3,0,9,0,0,2,1,0,0,0,3,0,167.64,162.56,135,0,1,0,49.3,0.48700000000000004,0.7,1.9,0.479,4,3,27,0,0,0,4,1,2,0,7,0,170.18,180.34,135,29,28,0,2,-1,-4,3,-18,0,-1,-2,-2.54,-17.78,1,35.7,-0.7,2.1,0,108.0,217.0,745.0,1570.0,708.0,1130.0
1509,-200.0,170,50.0,170.0,0,False,3,0,1,0,27.23529412,0.47176470600000003,0.470588235,0.9411764709999999,0.36235294100000004,3,7,38,0,0,1,4,3,2,0,10,1,175.26,180.34,135,0,1,0,80.0,0.54,0.0,1.0,1.0,1,0,2,0,0,0,0,1,0,0,1,2,180.34,177.8,135,26,38,0,0,2,9,-7,36,0,2,2,-5.08,2.54,-12,-52.76470588,0.470588235,-0.058823529000000006,2,225.0,440.0,1400.0,545.0,160.0,840.0
1514,-105.0,-115,95.23809524,86.95652174,0,False,3,0,1,0,50.5,0.5,0.25,0.25,0.125,1,2,8,0,0,0,1,0,1,0,2,1,167.64,170.18,135,0,2,0,19.21428571,0.467857143,1.357142857,2.4285714290000002,0.38285714299999996,4,4,35,0,0,1,4,0,5,0,10,0,167.64,170.18,135,33,32,0,-1,-3,-8,2,-27,0,0,-4,0.0,0.0,1,31.28571429,-1.107142857,-2.1785714290000002,2,457.0,225.0,154.0,2100.0,2000.0,385.0
1515,-125.0,105,80.0,105.0,0,True,5,1,0,0,34.71428571,0.365714286,0.0,0.7142857140000001,0.154285714,6,1,16,2,0,0,2,4,0,0,6,0,172.72,165.1,135,0,3,0,68.5,0.394285714,0.857142857,1.5,0.341428571,4,3,41,6,0,0,4,6,1,0,11,0,167.64,170.18,125,32,27,-1,-3,2,-5,2,-25,-4,-2,-1,5.08,-5.08,5,-33.78571429,-0.857142857,-0.7857142859999999,0,315.0,445.0,770.0,2450.0,220.0,220.0
1520,-210.0,175,47.61904762,175.0,0,False,3,1,0,0,33.25,0.3875,0.5,3.75,0.3825,3,1,10,0,0,0,2,0,1,0,3,0,170.18,180.34,135,1,0,0,35.66666667,0.487777778,0.7777777779999999,0.7777777779999999,0.311111111,4,4,18,0,0,0,1,1,3,0,5,0,167.64,165.1,135,31,26,0,0,-1,-2,3,-8,0,-1,-2,2.54,15.24,5,-2.41666667,-0.27777777800000003,2.972222222,0,180.0,265.0,200.0,1175.0,850.0,1000.0
1522,-275.0,235,36.36363636,235.0,0,False,3,0,3,0,24.6,0.37799999999999995,1.4,2.2,0.61,3,2,13,0,0,1,0,0,2,0,3,0,175.26,185.42,135,0,2,0,43.5,0.475,0.5,1.5,0.3,2,0,6,0,0,0,1,1,0,0,2,0,175.26,182.88,135,23,30,0,1,1,1,-2,7,0,-1,2,0.0,2.54,-7,-18.9,0.9,0.7,2,190.0,445.0,275.0,650.0,365.0,1445.0
1526,-470.0,375,21.27659574,375.0,0,False,3,1,0,0,17.0,0.28,0.0,4.0,0.36,0,1,3,0,0,0,0,0,0,0,0,0,175.26,175.26,135,2,0,0,37.75,0.42125,1.0,0.375,0.18625,3,4,21,0,0,0,1,1,2,0,4,2,172.72,177.8,135,25,29,1,0,-3,-4,3,-18,0,-1,-2,2.54,-2.54,-4,-20.75,-1.0,3.625,2,175.0,551.0,175.0,1300.0,411.0,1855.0
1550,260.0,-320,260.0,31.25,1,False,3,0,1,0,12.0,0.42,3.0,1.0,0.2,1,0,2,0,0,0,0,0,1,0,1,0,177.8,180.34,135,1,0,0,42.0,0.493333333,0.0,1.0,0.4,1,2,8,1,0,0,1,0,0,0,1,0,172.72,175.26,135,32,24,1,1,0,0,2,-6,-1,0,1,5.08,5.08,8,-30.0,3.0,0.0,2,580.0,371.0,955.0,-130.0,650.0,925.0
1559,155.0,-175,155.0,57.14285714,1,False,3,0,3,0,38.625,0.36125,0.125,0.375,0.12375,3,2,18,1,0,1,2,3,0,0,6,0,167.64,170.18,135,1,0,0,34.63636364,0.256363636,0.0,0.181818182,0.120909091,2,6,26,1,0,1,0,4,0,0,5,0,170.18,175.26,135,34,28,1,3,1,1,4,-8,0,-1,0,-2.54,-5.08,6,3.98863636,0.125,0.193181818,1,317.0,160.0,1600.0,570.0,400.0,450.0
1572,-140.0,120,71.42857143,120.0,0,False,3,0,1,0,38.71428571,0.478571429,0.571428571,0.7142857140000001,0.29,2,2,12,0,0,0,0,4,1,0,5,0,172.72,180.34,135,0,3,0,46.58333333,0.415,0.166666667,0.916666667,0.19166666699999999,7,2,32,0,0,3,4,2,1,0,10,0,165.1,167.64,135,35,31,0,-2,-5,-5,0,-20,0,2,0,7.62,12.7,4,-7.86904762,0.404761904,-0.202380953,0,115.0,260.0,775.0,1445.0,1010.0,460.0
1615,-120.0,100,83.33333333,100.0,1,False,5,0,2,0,32.0,0.376666667,0.333333333,0.333333333,0.166666667,2,1,7,0,0,1,0,1,0,0,2,0,167.64,170.18,135,0,5,0,56.0,0.43200000000000005,0.0,1.0,0.166,5,0,13,0,0,1,3,1,0,0,5,0,162.56,172.72,135,28,30,0,-3,-3,-3,-1,-6,0,0,0,5.08,-2.54,-2,-24.0,0.333333333,-0.666666667,0,150.0,205.0,1245.0,865.0,565.0,460.0
1641,-175.0,155,57.14285714,155.0,1,False,3,1,0,0,28.66666667,0.523333333,0.0,2.0,0.523333333,1,2,6,0,0,0,1,0,0,0,1,1,167.64,172.72,135,1,0,0,15.66666667,0.423333333,0.666666667,1.333333333,0.8866666670000001,2,1,8,0,0,0,1,1,0,0,2,0,172.72,175.26,145,26,38,0,0,-1,-1,-1,-2,0,-1,0,-5.08,-2.54,-12,13.0,-0.666666667,0.666666667,2,200.0,400.0,400.0,900.0,350.0,400.0
1649,280.0,-340,280.0,29.41176471,1,False,3,0,1,0,57.14285714,0.45285714299999996,0.14285714300000002,1.428571429,0.244285714,3,3,21,0,0,2,2,0,0,0,4,0,167.64,167.64,135,3,0,0,33.5,0.3225,0.25,0.0,0.0,1,3,9,0,0,0,0,0,1,0,1,0,172.72,175.26,135,37,37,3,1,2,3,0,12,0,0,-1,-5.08,-7.62,0,23.64285714,-0.107142857,1.428571429,2,480.0,-155.0,1288.0,906.0,1175.0,570.0
1654,-265.0,225,37.73584906,225.0,0,False,3,0,2,0,46.25,0.4375,0.5,0.75,0.395,2,1,8,0,0,0,1,1,1,0,3,2,167.64,167.64,135,0,1,0,57.28571429,0.412857143,0.428571429,0.428571429,0.17857142899999998,6,3,35,0,0,1,4,5,1,0,11,0,160.02,170.18,135,27,31,0,1,-4,-8,2,-27,0,-4,0,7.62,-2.54,-4,-11.03571429,0.071428571,0.321428571,0,115.0,300.0,825.0,1200.0,200.0,1400.0
1668,-115.0,-105,86.95652174,95.23809524,0,False,3,0,3,0,35.33333333,0.41666666700000005,0.666666667,4.666666667,0.443333333,3,0,7,0,0,0,2,0,1,0,3,0,170.18,180.34,135,1,0,0,44.88888889,0.47666666700000004,0.7777777779999999,1.7777777780000001,0.495555556,4,3,24,0,0,0,3,1,2,0,6,0,170.18,180.34,135,28,26,1,3,-1,-3,3,-17,0,-1,-1,0.0,0.0,2,-9.55555556,-0.111111111,2.888888889,0,165.0,170.0,600.0,800.0,800.0,675.0
1687,-110.0,-110,90.90909091,90.90909091,1,False,3,0,2,0,37.85714286,0.35,0.14285714300000002,0.428571429,0.141428571,2,2,16,1,0,1,2,2,0,0,5,0,167.64,170.18,135,1,0,0,30.25,0.5175,0.75,2.0,0.77,2,2,10,0,0,0,1,1,0,0,2,1,170.18,175.26,135,31,28,1,2,0,3,0,6,1,1,0,-2.54,-5.08,3,7.60714286,-0.607142857,-1.571428571,2,175.0,177.0,519.0,1010.0,585.0,725.0
1688,-430.0,345,23.25581395,345.0,0,False,3,1,0,0,17.66666667,0.46666666700000003,0.333333333,1.333333333,0.386666667,1,2,5,0,0,0,0,0,1,0,1,0,172.72,185.42,135,2,0,0,47.66666667,0.526666667,0.333333333,0.333333333,0.166666667,1,2,5,0,0,0,0,0,1,0,1,1,167.64,170.18,135,32,36,1,0,0,0,0,0,0,0,0,5.08,15.24,-4,-30.0,0.0,1.0,2,445.0,1235.0,540.0,980.0,-130.0,670.0
1700,-430.0,345,23.25581395,345.0,0,False,3,2,0,0,74.0,0.345,0.0,0.0,0.0,0,2,6,0,0,0,0,0,0,0,0,0,172.72,180.34,135,1,0,0,34.5,0.53,0.0,0.5,0.5,1,1,5,0,0,0,0,1,0,0,1,0,170.18,172.72,135,24,31,-1,0,-1,-1,-1,1,0,-1,0,2.54,7.62,-7,39.5,0.0,-0.5,2,100.0,400.0,650.0,1600.0,275.0,1400.0
1710,-145.0,125,68.96551724,125.0,0,False,3,0,1,0,36.33333333,0.39666666700000003,0.0,0.0,0.0,1,2,8,0,0,0,0,1,0,0,1,0,175.26,177.8,135,0,1,0,141.0,0.55,0.0,3.0,0.5,1,0,3,0,0,0,1,0,0,0,1,2,180.34,182.88,135,23,29,0,0,0,0,-2,5,0,1,0,-5.08,-5.08,-6,-104.66666670000001,0.0,-3.0,2,210.0,475.0,650.0,650.0,375.0,215.0
1715,-160.0,140,62.5,140.0,0,False,3,0,4,0,31.5,0.49875,0.875,0.75,0.225,4,3,15,0,0,0,1,1,3,0,5,0,167.64,165.1,135,1,0,0,44.08333333,0.4325,0.0,0.75,0.27,3,4,34,3,0,0,3,4,0,1,8,0,160.02,167.64,135,33,31,1,4,1,-3,1,-19,-3,-4,3,7.62,-2.54,2,-12.58333333,0.875,0.0,0,120.0,260.0,1400.0,450.0,435.0,1200.0
1718,-105.0,-115,95.23809524,86.95652174,1,False,3,0,2,0,80.0,0.485,0.0,6.0,0.73,2,0,6,0,0,1,1,0,0,0,2,0,167.64,162.56,135,0,2,0,28.75,0.3225,0.75,2.25,0.395,2,2,22,0,0,1,1,0,4,0,6,0,172.72,172.72,135,33,28,0,0,0,-4,2,-16,0,0,-4,-5.08,-10.16,5,51.25,-0.75,3.75,0,210.0,135.0,550.0,1100.0,1200.0,450.0
1724,-165.0,145,60.60606061,145.0,1,False,3,0,1,0,30.33333333,0.43,0.666666667,0.666666667,0.443333333,1,1,5,0,0,0,0,1,1,0,2,2,167.64,167.64,135,1,0,0,51.07692308,0.366153846,0.23076923100000002,1.4615384619999998,0.279230769,7,4,40,6,0,0,4,2,3,0,9,0,167.64,177.8,135,31,31,1,1,-6,-7,3,-35,-6,-1,-2,0.0,-10.16,0,-20.74358975,0.435897436,-0.794871795,2,220.0,260.0,350.0,650.0,375.0,450.0
1729,-220.0,180,45.45454545,180.0,0,False,3,0,1,0,19.28571429,0.408571429,0.571428571,1.428571429,0.19,2,4,14,0,0,1,0,1,1,0,3,0,170.18,177.8,135,0,1,0,19.38461538,0.438461538,1.307692308,2.461538462,0.361538462,4,4,32,0,0,1,4,0,4,0,9,0,167.64,170.18,135,33,31,0,0,-2,-6,0,-18,0,1,-3,2.54,7.62,2,-0.09890109,-0.736263737,-1.032967033,2,230.0,688.0,115.0,1700.0,1800.0,400.0
1754,135.0,-155,135.0,64.51612903,1,False,3,0,3,0,38.75,0.485,1.0,2.5,0.5525,3,1,10,1,0,0,2,0,1,0,3,0,172.72,175.26,135,0,1,0,39.0,0.513333333,0.0,0.333333333,0.055,2,3,15,0,0,0,1,2,0,0,3,1,170.18,175.26,135,26,27,0,2,1,0,2,-5,1,-2,1,2.54,0.0,-1,-0.25,1.0,2.166666667,2,350.0,127.0,1350.0,772.0,366.0,670.0
1760,165.0,-190,165.0,52.63157895,0,False,3,1,0,0,32.85714286,0.428571429,1.142857143,0.428571429,0.212857143,3,3,18,0,0,0,1,1,2,0,4,2,172.72,177.8,135,1,0,0,41.5,0.3275,0.0,0.75,0.5,2,2,11,0,0,0,1,1,0,0,2,0,170.18,172.72,135,32,25,0,0,1,2,-1,7,0,0,2,2.54,5.08,7,-8.64285714,1.142857143,-0.321428571,2,305.0,165.0,1195.0,375.0,560.0,599.0
1765,-120.0,100,83.33333333,100.0,0,False,3,1,0,0,33.85714286,0.408571429,1.285714286,0.571428571,0.352857143,3,4,17,1,0,0,1,0,2,0,3,0,167.64,165.1,135,2,0,0,27.875,0.46625,0.5,1.0,0.385,3,7,37,0,0,1,4,2,2,0,9,1,175.26,180.34,135,37,30,1,0,0,-6,3,-20,1,-2,0,-7.62,-15.24,7,5.98214286,0.7857142859999999,-0.428571429,2,240.0,240.0,600.0,500.0,550.0,435.0
1783,-145.0,125,68.96551724,125.0,1,False,3,1,0,0,38.33333333,0.5066666670000001,0.666666667,0.666666667,0.283333333,2,2,10,0,0,0,0,3,1,0,4,0,172.72,180.34,135,1,0,0,46.0,0.458571429,0.0,0.0,0.0,4,2,13,0,0,0,1,4,0,0,5,1,170.18,177.8,135,26,30,0,0,-2,-1,0,-3,0,-1,1,2.54,2.54,-4,-7.66666667,0.666666667,0.666666667,0,350.0,315.0,850.0,1100.0,225.0,265.0
1797,-290.0,245,34.48275862,245.0,0,False,3,0,1,0,33.5,0.545,0.0,2.5,0.535,1,1,5,0,0,0,1,0,0,0,1,1,167.64,172.72,135,0,2,0,30.0,0.405,1.5,2.5,0.6375,2,2,12,0,0,1,0,0,1,0,2,0,175.26,185.42,135,30,38,0,-1,-1,-1,1,-7,0,0,-1,-7.62,-12.7,-8,3.5,-1.5,0.0,2,170.0,750.0,185.0,1100.0,450.0,535.0
1822,-145.0,135,68.96551724,135.0,0,False,3,0,2,0,50.125,0.49875,0.875,2.0,0.5575,4,2,23,0,0,0,3,1,2,0,6,0,170.18,180.34,135,0,1,0,44.5,0.315,0.5,0.5,0.25,1,1,6,0,0,1,0,0,0,0,1,0,167.64,170.18,135,29,28,0,1,3,5,-1,17,0,1,2,2.54,10.16,1,5.625,0.375,1.5,0,125.0,190.0,1400.0,700.0,525.0,750.0
1827,-345.0,285,28.98550725,285.0,1,False,3,2,0,0,44.5,0.395,0.0,0.0,0.0,0,2,6,0,0,0,0,0,0,0,0,0,175.26,177.8,135,1,0,0,60.0,0.62,0.5,0.5,0.25,1,1,3,0,0,0,0,0,1,0,1,1,167.64,170.18,135,31,29,-1,0,-1,-1,-1,3,0,0,-1,7.62,7.62,2,-15.5,-0.5,-0.5,2,125.0,350.0,650.0,1000.0,300.0,750.0
1830,155.0,-175,155.0,57.14285714,0,False,3,1,0,0,27.2,0.47200000000000003,0.533333333,1.066666667,0.41066666700000004,3,6,34,0,0,1,4,2,2,0,9,1,175.26,180.34,135,0,1,0,38.33333333,0.34833333299999997,0.166666667,0.5,0.165,2,2,13,1,0,1,1,2,0,0,4,0,167.64,170.18,135,28,37,-1,-1,1,5,-4,21,-1,0,2,7.62,10.16,-9,-11.13333333,0.36666666600000003,0.566666667,2,550.0,264.0,1250.0,320.0,1125.0,310.0
1850,145.0,-165,145.0,60.60606061,1,False,3,0,2,0,52.5,0.57,0.5,7.0,0.665,2,0,6,0,0,0,2,0,0,0,2,0,170.18,180.34,135,0,3,0,39.5,0.47666666700000004,1.5,0.666666667,0.41166666700000004,3,3,16,1,0,0,1,0,2,0,3,0,167.64,165.1,135,30,25,0,-1,-1,-1,3,-10,-1,0,-2,2.54,15.24,5,13.0,-1.0,6.333333333,2,340.0,128.0,500.0,1150.0,562.0,481.0
1885,-370.0,310,27.02702703,310.0,0,False,3,0,2,0,29.0,0.57,1.0,2.333333333,0.943333333,2,1,7,0,0,0,1,1,0,0,2,1,170.18,175.26,135,0,2,0,46.63636364,0.426363636,0.181818182,1.0,0.209090909,7,2,29,0,0,3,4,1,1,0,9,0,165.1,167.64,135,35,30,0,0,-5,-7,1,-22,0,0,-1,5.08,7.62,5,-17.63636364,0.818181818,1.333333333,0,-130.0,450.0,600.0,1300.0,500.0,1100.0
1887,-125.0,105,80.0,105.0,1,False,3,1,0,0,44.0,0.29,0.0,0.0,0.0,0,1,3,0,0,0,0,0,0,0,0,0,167.64,170.18,135,0,1,0,44.18181818,0.435454545,0.0,0.636363636,0.24909090899999997,3,3,31,3,0,0,3,4,0,1,8,0,160.02,167.64,135,33,29,-1,-1,-3,-8,2,-28,-3,-5,0,7.62,2.54,4,-0.18181818,0.0,-0.636363636,0,190.0,165.0,875.0,1100.0,425.0,525.0
1895,-210.0,175,47.61904762,175.0,1,True,5,0,2,0,72.23076923,0.40615384600000004,0.923076923,1.615384615,0.36769230799999997,4,3,39,5,0,0,4,5,1,0,10,0,167.64,170.18,125,0,6,0,37.5,0.371666667,0.0,0.833333333,0.18,6,0,14,1,0,0,2,4,0,0,6,0,172.72,165.1,135,26,31,0,-4,-2,4,-3,25,4,1,1,-5.08,5.08,-5,34.73076923,0.923076923,0.7820512820000001,0,190.0,250.0,1800.0,1050.0,170.0,700.0
1904,165.0,-190,165.0,52.63157895,1,False,3,0,1,0,45.0,0.51,1.0,0.0,0.0,1,0,3,0,0,0,1,0,0,0,1,0,175.26,182.88,135,0,1,0,44.0,0.39,0.0,0.0,0.0,1,0,3,0,0,0,1,0,0,0,1,0,172.72,172.72,135,29,22,0,0,0,0,0,0,0,0,0,2.54,10.16,7,1.0,1.0,0.0,2,300.0,200.0,1005.0,250.0,860.0,716.0
1907,155.0,-175,155.0,57.14285714,0,False,3,0,2,0,40.0,0.52,0.8,0.8,0.34,2,1,9,0,0,0,0,3,1,0,4,0,172.72,180.34,135,0,3,0,33.14285714,0.511428571,0.857142857,0.857142857,0.257142857,3,3,14,0,0,0,1,1,2,0,4,0,167.64,165.1,135,31,30,0,-1,-1,0,2,-5,0,2,-1,5.08,15.24,1,6.85714286,-0.057142857000000005,-0.057142857000000005,0,285.0,150.0,550.0,1075.0,675.0,285.0
1910,-485.0,385,20.6185567,385.0,0,False,3,0,3,0,30.16666667,0.431666667,1.333333333,0.5,0.24833333300000002,3,2,15,0,0,0,1,1,2,0,4,2,172.72,177.8,135,1,0,0,55.76923077,0.41,0.46153846200000004,0.46153846200000004,0.192307692,6,3,32,0,0,1,3,5,1,0,10,0,160.02,170.18,135,27,24,1,3,-3,-6,1,-17,0,-4,1,12.7,7.62,3,-25.6025641,0.871794871,0.038461537999999997,0,210.0,850.0,1200.0,900.0,-125.0,1500.0
1922,-115.0,-105,86.95652174,95.23809524,1,False,3,1,0,0,6.0,0.38,0.5,0.5,0.165,1,1,2,0,0,0,0,0,1,0,1,2,167.64,167.64,135,1,0,0,17.5,0.45,0.75,2.25,0.5675,2,2,10,0,0,0,0,0,2,0,2,0,165.1,177.8,135,27,31,0,0,-1,-1,1,-8,0,0,-1,2.54,-10.16,-4,-11.5,-0.25,-1.75,2,240.0,170.0,330.0,500.0,1150.0,1250.0
1932,-160.0,140,62.5,140.0,1,False,3,0,1,0,94.0,0.58,0.0,8.0,0.66,1,0,3,0,0,0,1,0,0,0,1,0,167.64,162.56,135,0,1,0,36.0,0.73,0.0,0.0,0.0,1,0,2,0,0,0,0,1,0,0,1,0,170.18,172.72,135,24,27,0,0,0,0,0,1,0,-1,0,-2.54,-10.16,-3,58.0,0.0,8.0,2,190.0,200.0,725.0,1800.0,200.0,1045.0
1985,-165.0,145,60.60606061,145.0,0,False,3,1,0,0,46.0,0.39,0.0,0.0,0.0,0,1,3,0,0,0,0,0,0,0,0,0,175.26,177.8,135,1,0,0,37.2,0.35600000000000004,0.2,0.4,0.166,2,2,10,1,0,0,1,2,0,0,3,0,167.64,170.18,135,27,28,0,0,-2,-3,1,-7,-1,-2,0,7.62,7.62,-1,8.8,-0.2,-0.4,2,190.0,265.0,820.0,1045.0,335.0,555.0
1988,190.0,-230,190.0,43.47826087,1,False,3,1,0,0,20.75,0.4125,1.25,2.583333333,0.35,4,4,31,0,0,1,4,0,3,0,8,0,167.64,170.18,135,2,0,0,44.66666667,0.43,0.333333333,0.0,0.0,1,2,8,0,0,0,0,0,1,0,1,0,172.72,175.26,135,36,32,1,0,3,7,-2,23,0,0,2,-5.08,-5.08,4,-23.91666667,0.916666667,2.583333333,2,330.0,203.0,1825.0,174.0,600.0,1335.0
1989,-245.0,205,40.81632653,205.0,0,False,3,0,2,0,10.0,0.46,0.0,1.5,0.83,2,0,5,0,0,0,1,1,0,0,2,0,172.72,175.26,145,0,2,0,32.0,0.47333333299999997,1.333333333,3.0,0.653333333,2,1,7,1,0,0,1,0,1,0,2,0,172.72,175.26,135,27,25,0,0,0,0,1,-2,-1,1,-1,0.0,0.0,2,-22.0,-1.333333333,-1.5,2,170.0,520.0,245.0,615.0,660.0,725.0
2006,-185.0,160,54.05405405,160.0,0,False,3,0,1,0,41.66666667,0.46333333299999996,0.0,0.0,0.0,4,1,10,0,0,0,1,4,0,0,5,1,170.18,177.8,135,0,4,0,52.5,0.4325,0.0,0.75,0.125,4,0,10,0,0,1,2,1,0,0,4,0,162.56,172.72,135,28,25,0,-3,0,1,-1,0,0,3,0,7.62,5.08,3,-10.83333333,0.0,-0.75,0,140.0,450.0,1250.0,1350.0,280.0,310.0
2012,-235.0,195,42.55319149,195.0,1,False,3,0,2,0,35.2,0.452,1.2,0.6,0.298,2,2,14,0,0,0,1,1,1,0,3,2,172.72,177.8,135,0,1,0,4.0,0.26,1.0,0.0,0.0,1,0,1,0,0,0,0,0,1,0,1,2,167.64,167.64,135,30,24,0,1,1,2,-2,13,0,1,0,5.08,10.16,6,31.2,0.2,0.6,2,169.0,576.0,270.0,500.0,596.0,625.0
2026,-350.0,290,28.57142857,290.0,0,False,3,0,1,0,51.0,0.333333333,0.0,0.666666667,0.276666667,1,2,8,0,0,1,0,0,0,0,1,0,175.26,182.88,135,0,1,0,49.0,0.61,0.0,11.0,0.73,1,0,3,0,0,0,1,0,0,0,1,0,170.18,180.34,135,25,26,0,0,0,0,-2,5,0,0,0,5.08,2.54,-1,2.0,0.0,-10.33333333,2,-154.0,630.0,700.0,921.0,570.0,815.0
2032,-265.0,225,37.73584906,225.0,0,False,3,0,2,0,46.0,0.33666666700000003,0.0,0.333333333,0.333333333,2,1,9,0,0,0,1,1,0,0,2,0,170.18,172.72,135,0,1,0,32.5,0.53,0.25,0.5,0.3,2,1,7,0,0,0,0,3,0,0,3,0,172.72,180.34,135,30,32,0,1,0,-1,0,2,0,-2,0,-2.54,-7.62,-2,13.5,-0.25,-0.166666667,0,165.0,410.0,800.0,1565.0,175.0,800.0
2068,-120.0,100,83.33333333,100.0,1,False,3,4,0,0,19.66666667,0.41666666700000005,0.666666667,1.6666666669999999,0.22166666699999998,2,4,13,0,0,1,0,0,1,0,2,0,170.18,177.8,135,1,0,0,53.0,0.41,0.0,0.0,0.0,0,1,3,0,0,0,0,0,0,0,0,2,165.1,177.8,135,27,30,-3,0,2,2,-3,10,0,0,1,5.08,0.0,-3,-33.33333333,0.666666667,1.6666666669999999,2,205.0,278.0,850.0,435.0,437.0,685.0
2088,-110.0,-110,90.90909091,90.90909091,1,False,3,0,1,0,22.0,0.48,1.5,3.0,0.915,1,1,6,0,0,0,1,0,0,0,1,1,170.18,175.26,135,0,1,0,24.0,0.368,0.2,0.0,0.0,2,2,11,0,0,0,1,2,0,0,3,0,170.18,180.34,135,38,30,0,0,-1,-2,1,-5,0,-2,0,0.0,-5.08,8,-2.0,1.3,3.0,0,247.0,340.0,950.0,250.0,420.0,700.0
2098,-670.0,485,14.92537313,485.0,0,False,3,0,2,0,8.666666667000001,0.5033333329999999,1.0,2.333333333,0.6466666670000001,2,1,7,0,0,0,0,0,2,0,2,0,165.1,177.8,135,0,2,0,27.83333333,0.525,0.833333333,0.5,0.25,2,3,11,0,0,0,0,1,2,0,3,0,167.64,165.1,135,30,27,0,0,0,-1,2,-4,0,-1,0,-2.54,12.7,3,-19.16666666,0.166666667,1.8333333330000001,0,188.0,860.0,125.0,2165.0,394.0,2700.0
2118,-400.0,325,25.0,325.0,0,False,3,0,2,0,36.0,0.267,0.0,0.2,0.133,2,5,23,1,0,1,0,4,0,0,5,0,170.18,175.26,135,1,0,0,43.8,0.433,0.0,0.7,0.27399999999999997,3,3,28,3,0,0,2,4,0,1,7,0,160.02,167.64,135,32,32,1,2,-1,-2,-2,-5,-2,-1,0,10.16,7.62,0,-7.8,0.0,-0.5,0,285.0,600.0,700.0,1600.0,-180.0,935.0
2136,-400.0,325,25.0,325.0,0,False,3,0,1,0,26.5,0.33,0.0,2.0,0.22,1,1,4,0,0,1,0,0,0,0,1,0,167.64,165.1,135,2,0,0,41.16666667,0.483333333,1.166666667,2.166666667,0.5216666670000001,4,2,17,0,0,0,1,1,2,0,4,0,170.18,180.34,135,27,34,2,1,-3,-3,1,-13,0,-1,-2,-2.54,-15.24,-7,-14.66666667,-1.166666667,-0.166666667,0,-140.0,540.0,789.0,1080.0,445.0,1450.0
2171,-240.0,200,41.66666667,200.0,1,False,3,0,2,0,36.6,0.478,1.4,0.6,0.294,2,3,13,1,0,0,0,0,2,0,2,0,167.64,165.1,135,0,4,0,17.27272727,0.425454545,1.363636364,2.727272727,0.373636364,4,3,28,0,0,1,4,0,3,0,8,0,167.64,170.18,135,32,29,0,-2,-2,-6,0,-15,1,0,-1,0.0,-5.08,3,19.32727273,0.036363636,-2.127272727,0,110.0,304.0,349.0,1055.0,1225.0,1405.0
2182,130.0,-150,130.0,66.66666667,0,False,3,0,1,0,26.0,0.54,1.0,0.0,0.0,1,0,1,0,0,0,0,0,1,0,1,1,167.64,170.18,135,0,1,0,28.69230769,0.489230769,0.538461538,1.076923077,0.35846153799999997,3,5,31,0,0,1,4,2,1,0,8,1,175.26,180.34,135,36,31,0,0,-2,-7,5,-30,0,-2,0,-7.62,-10.16,5,-2.69230769,0.46153846200000004,-1.076923077,0,300.0,165.0,505.0,1050.0,500.0,524.0
2222,-145.0,125,68.96551724,125.0,0,False,3,1,0,0,39.0,0.52,1.4,2.6,0.626,4,1,14,0,0,0,1,1,2,0,4,0,170.18,180.34,135,1,0,0,47.88888889,0.443333333,0.222222222,1.222222222,0.255555556,7,2,23,0,0,1,4,1,1,0,7,0,165.1,167.64,135,34,27,0,0,-3,-3,1,-9,0,0,1,5.08,12.7,7,-8.88888889,1.177777778,1.377777778,0,130.0,200.0,650.0,950.0,575.0,900.0
2234,-160.0,140,62.5,140.0,1,False,3,1,0,0,11.0,0.28,0.0,0.0,0.0,0,1,1,0,0,0,0,0,0,0,0,0,167.64,165.1,135,2,0,0,60.4,0.452,0.2,2.0,0.342,3,2,15,0,0,1,2,0,0,0,3,0,167.64,167.64,135,36,33,1,0,-3,-3,1,-14,0,0,0,0.0,-2.54,3,-49.4,-0.2,-2.0,2,130.0,401.0,1325.0,420.0,450.0,948.0
2242,-245.0,205,40.81632653,205.0,1,True,5,0,5,0,31.4,0.37799999999999995,0.0,0.8,0.166,5,0,9,0,0,0,1,4,0,0,5,0,172.72,165.1,135,0,5,0,75.0,0.462,0.2,4.6,0.52,5,0,21,4,0,1,3,1,0,0,5,0,172.72,172.72,135,31,25,0,0,0,0,0,-12,-4,3,0,0.0,-7.62,6,-43.6,-0.2,-3.8,0,130.0,1150.0,500.0,2000.0,475.0,210.0
2243,-230.0,190,43.47826087,190.0,0,False,3,0,6,0,57.25,0.40916666700000004,0.5,0.41666666700000005,0.166666667,6,2,29,0,0,1,3,5,1,0,10,0,160.02,170.18,135,0,1,0,72.33333333,0.39083333299999995,0.916666667,1.333333333,0.32916666699999997,4,3,36,5,0,0,3,5,1,0,9,0,167.64,170.18,125,30,26,0,5,2,1,1,-7,-5,0,0,-7.62,0.0,4,-15.08333333,-0.41666666700000005,-0.9166666659999999,0,100.0,450.0,650.0,900.0,550.0,450.0
2252,-340.0,280,29.41176471,280.0,0,False,3,1,0,0,33.0,0.308333333,0.166666667,1.5,0.3075,2,7,27,0,0,2,1,1,1,0,5,0,167.64,172.72,135,2,0,0,40.93333333,0.45,0.533333333,1.4,0.27066666699999997,4,6,47,4,0,0,3,0,6,0,9,0,167.64,170.18,135,37,38,1,0,-2,-4,-1,-20,-4,1,-5,0.0,2.54,-1,-7.93333333,-0.36666666600000003,0.1,0,130.0,525.0,165.0,2200.0,500.0,1200.0
2260,-170.0,150,58.82352941,150.0,0,False,3,1,0,0,46.15384615,0.38,0.076923077,1.230769231,0.328461538,5,5,34,0,0,3,4,1,0,0,8,0,170.18,172.72,135,0,1,0,39.0,0.265555556,0.0,0.222222222,0.147777778,2,5,22,1,0,1,0,3,0,0,4,0,170.18,175.26,135,32,33,-1,-1,3,4,0,12,-1,-2,0,0.0,-2.54,-1,7.15384615,0.076923077,1.0085470090000002,0,249.0,325.0,475.0,617.0,300.0,800.0
2271,-130.0,110,76.92307692,110.0,1,False,3,1,0,0,14.0,0.41,2.0,1.0,1.0,0,1,3,0,0,0,0,0,0,0,0,1,170.18,175.26,135,1,0,0,28.16666667,0.435,1.333333333,0.833333333,0.31,4,2,12,0,0,0,1,0,3,0,4,1,165.1,165.1,135,32,29,0,0,-4,-4,1,-9,0,0,-3,5.08,10.16,3,-14.16666667,0.666666667,0.166666667,2,219.0,300.0,325.0,595.0,575.0,565.0
2352,-240.0,200,41.66666667,200.0,0,False,3,0,2,0,28.55555556,0.5166666670000001,0.5555555560000001,1.0,0.281111111,2,4,22,0,0,0,2,1,2,0,5,0,172.72,185.42,135,0,2,0,31.125,0.4825,0.125,2.0,0.33125,3,2,17,0,0,0,3,2,1,0,6,0,172.72,172.72,135,26,28,0,0,-1,-1,-2,5,0,-1,1,0.0,12.7,-2,-2.56944444,0.430555556,-1.0,2,140.0,375.0,631.0,575.0,425.0,1140.0
2355,-105.0,-115,95.23809524,86.95652174,1,False,3,0,1,0,33.0,0.28,0.0,0.0,0.0,1,1,6,0,0,0,1,0,0,0,1,0,170.18,172.72,135,1,0,0,33.5,0.415,0.5,0.0,0.0,1,1,5,0,0,0,0,0,1,0,1,0,172.72,175.26,135,36,31,1,1,0,0,0,1,0,0,-1,-2.54,-2.54,5,-0.5,-0.5,0.0,2,190.0,265.0,633.0,495.0,770.0,350.0
2364,130.0,-150,130.0,66.66666667,1,False,3,1,0,0,28.91666667,0.475,0.41666666700000005,1.166666667,0.38833333299999995,3,5,30,0,0,1,4,2,0,0,7,1,175.26,180.34,135,0,1,0,35.90909091,0.306363636,0.181818182,1.636363636,0.335454545,2,6,26,0,0,2,1,1,1,0,5,0,167.64,172.72,135,38,36,-1,-1,1,2,1,4,0,1,-1,7.62,7.62,2,-6.99242424,0.234848485,-0.46969696899999996,2,182.0,220.0,1080.0,606.0,700.0,360.0
2365,-190.0,165,52.63157895,165.0,1,False,3,0,1,0,8.0,0.63,1.0,1.5,0.75,1,1,4,0,0,0,0,0,1,0,1,0,165.1,177.8,135,0,1,0,45.0,0.53,0.0,0.5,0.1,1,1,5,1,0,0,1,0,0,0,1,0,172.72,175.26,135,30,26,0,0,0,0,0,-1,-1,0,1,-7.62,2.54,4,-37.0,1.0,1.0,2,145.0,343.0,370.0,558.0,840.0,1200.0
2370,105.0,-125,105.0,80.0,0,False,5,0,1,0,37.44444444,0.423333333,0.0,0.7777777779999999,0.304444444,3,2,23,3,0,0,2,4,0,1,7,0,160.02,167.64,135,0,5,0,54.0,0.420909091,0.545454545,0.454545455,0.181818182,5,2,24,0,0,0,3,5,1,0,9,0,160.02,170.18,135,26,32,0,-4,-2,-2,0,-1,3,0,-1,0.0,-2.54,-6,-16.55555556,-0.545454545,0.323232323,0,500.0,280.0,1100.0,550.0,220.0,280.0
2389,-105.0,-115,95.23809524,86.95652174,0,False,3,0,1,0,33.33333333,0.40666666700000004,0.333333333,3.0,0.526666667,1,1,9,0,0,1,1,0,0,0,2,0,165.1,170.18,135,0,3,0,18.0,0.413,1.4,2.3,0.348,3,3,25,0,0,1,3,0,3,0,7,0,167.64,170.18,135,32,25,0,-2,-2,-5,2,-16,0,0,-3,-2.54,0.0,7,15.33333333,-1.066666667,0.7,2,240.0,175.0,375.0,700.0,1210.0,665.0
2404,125.0,-145,125.0,68.96551724,0,False,3,1,0,0,15.0,0.21,0.0,1.0,1.0,0,1,2,0,0,0,0,0,0,0,0,0,177.8,180.34,155,0,1,0,20.0,0.5,2.0,2.0,0.625,1,1,4,1,0,0,0,0,1,0,1,0,172.72,175.26,135,26,27,-1,-1,-1,-1,0,-2,-1,0,-1,5.08,5.08,-1,-5.0,-2.0,-1.0,2,300.0,351.0,450.0,1400.0,664.0,167.0
2409,150.0,-170,150.0,58.82352941,1,False,3,0,3,0,52.0,0.46666666700000003,0.0,1.0,0.166666667,3,0,7,0,0,1,1,1,0,0,3,0,162.56,172.72,135,1,0,0,42.28571429,0.468571429,0.571428571,1.5,0.29,4,5,44,4,0,0,3,0,6,0,9,0,167.64,170.18,135,37,27,1,3,-1,-6,5,-37,-4,1,-6,-5.08,2.54,10,9.71428571,-0.571428571,-0.5,0,275.0,150.0,450.0,1400.0,1250.0,300.0
2423,-160.0,140,62.5,140.0,0,False,3,1,0,0,28.0,0.44,1.25,1.75,0.3025,2,2,10,0,0,0,0,0,2,0,2,0,170.18,175.26,135,1,0,0,43.66666667,0.436666667,0.666666667,0.666666667,0.22,2,1,8,0,0,0,1,1,0,0,2,1,167.64,185.42,135,24,32,0,0,0,0,-1,2,0,-1,2,2.54,-10.16,-8,-15.66666667,0.583333333,1.083333333,2,245.0,445.0,1100.0,280.0,180.0,1180.0
2441,-525.0,415,19.04761905,415.0,0,False,3,0,1,0,49.66666667,0.375,0.083333333,1.333333333,0.355833333,5,4,33,0,0,3,4,1,0,0,8,0,170.18,172.72,135,0,4,0,36.25,0.3625,0.0,1.0,0.2075,4,0,8,0,0,0,1,3,0,0,4,0,172.72,165.1,135,25,32,0,-3,1,4,-4,25,0,-2,0,-2.54,7.62,-7,13.41666667,0.083333333,0.333333333,0,220.0,650.0,950.0,1650.0,-125.0,1000.0
2463,130.0,-150,130.0,66.66666667,1,False,3,0,1,0,27.85714286,0.502857143,0.14285714300000002,2.0,0.331428571,3,2,14,0,0,0,2,2,1,0,5,0,172.72,172.72,135,2,0,0,36.6,0.442,0.4,0.7,0.275,2,6,21,0,0,0,1,3,0,0,4,0,172.72,172.72,135,34,26,2,1,1,1,4,-7,0,-1,1,0.0,0.0,8,-8.74285714,-0.257142857,1.3,2,345.0,233.0,2150.0,360.0,320.0,535.0
2474,-155.0,135,64.51612903,135.0,1,False,3,2,0,0,38.625,0.25875,0.0,0.25,0.16625,2,5,19,1,0,1,0,2,0,0,3,0,170.18,175.26,135,1,0,0,64.25,0.47,0.25,2.25,0.365,3,1,12,0,0,1,2,0,0,0,3,0,167.64,167.64,135,35,32,-1,0,-1,0,-4,7,1,2,0,2.54,7.62,3,-25.625,-0.25,-2.0,0,115.0,268.0,950.0,1200.0,455.0,535.0
2481,-115.0,-105,86.95652174,95.23809524,1,False,5,0,4,0,56.8,0.41600000000000004,0.6,0.5,0.2,4,2,23,0,0,0,3,4,1,0,8,0,160.02,170.18,135,0,1,0,25.25,0.41,0.875,0.75,0.1875,4,2,18,1,0,1,1,2,2,0,6,0,175.26,177.8,135,25,26,0,3,0,2,0,5,-1,2,-1,-15.24,-7.62,-1,31.55,-0.275,-0.25,0,500.0,350.0,500.0,875.0,350.0,135.0
2499,-420.0,335,23.80952381,335.0,0,False,3,0,7,0,47.75,0.455,0.25,1.375,0.2875,7,1,20,0,0,1,4,1,1,0,7,0,165.1,167.64,135,1,0,0,73.09090909,0.39727272700000005,1.0,1.363636364,0.340909091,4,3,33,5,0,0,2,5,1,0,8,0,167.64,170.18,125,30,33,1,7,3,-1,2,-13,-5,-4,0,-2.54,-2.54,-3,-25.34090909,-0.75,0.011363636000000002,0,-110.0,550.0,800.0,1225.0,265.0,1000.0
2522,-250.0,210,40.0,210.0,0,False,3,1,0,0,46.0,0.42,3.0,3.0,0.75,0,1,3,1,0,0,0,0,0,0,0,1,165.1,165.1,135,1,0,0,15.66666667,0.38,0.0,0.333333333,0.333333333,1,2,3,0,0,0,0,1,0,0,1,0,172.72,175.26,135,30,31,0,0,-1,-1,1,0,1,-1,0,-7.62,-10.16,-1,30.33333333,3.0,2.666666667,2,143.0,442.0,600.0,682.0,300.0,785.0
2523,200.0,-240,200.0,41.66666667,1,False,3,2,0,0,31.25,0.56,0.75,0.5,0.25,1,3,8,0,0,0,0,1,0,0,1,0,167.64,165.1,135,2,0,0,23.5,0.4175,1.0,2.5,0.3325,2,2,11,0,0,1,0,0,1,0,2,0,170.18,177.8,135,29,29,0,0,-1,-1,-1,-3,0,1,-1,-2.54,-12.7,0,7.75,-0.25,-2.0,2,320.0,155.0,1140.0,310.0,775.0,645.0
2524,-155.0,135,64.51612903,135.0,0,False,3,0,1,0,6.0,0.6133333329999999,1.0,1.0,0.123333333,1,2,5,0,0,0,1,0,0,0,1,0,172.72,182.88,135,0,1,0,31.75,0.54,0.5,1.125,0.31625,1,4,20,0,0,0,2,1,1,0,4,0,172.72,185.42,135,28,36,0,0,0,-3,2,-15,0,-1,-1,0.0,-2.54,-8,-25.75,0.5,-0.125,2,261.0,200.0,400.0,1085.0,315.0,1075.0
2526,105.0,-125,105.0,80.0,0,False,3,0,1,0,59.0,0.56,2.0,0.0,0.0,1,0,3,1,0,0,1,0,0,0,1,0,170.18,165.1,135,0,2,0,30.5,0.415,0.0,1.0,0.625,2,0,6,0,0,1,1,0,0,0,2,0,172.72,175.26,125,30,33,0,-1,-1,-1,0,-3,1,0,0,-2.54,-10.16,-3,28.5,2.0,-1.0,2,200.0,236.0,1105.0,320.0,700.0,700.0
2536,105.0,-125,105.0,80.0,1,False,3,3,0,0,44.66666667,0.35,1.333333333,0.333333333,0.11,0,3,9,1,0,0,0,0,0,0,0,0,167.64,165.1,135,2,0,0,37.5,0.3575,0.25,1.75,0.4375,2,2,11,0,0,0,1,1,0,0,2,0,170.18,175.26,125,30,29,-1,0,-2,-2,-1,-2,1,-1,0,-2.54,-10.16,1,7.16666667,1.083333333,-1.4166666669999999,2,165.0,240.0,1825.0,371.0,435.0,925.0
2542,-380.0,315,26.31578947,315.0,0,True,5,0,1,0,42.92307692,0.488461538,0.615384615,1.5384615380000002,0.3,4,4,39,3,0,0,3,0,6,0,9,0,167.64,170.18,135,0,4,0,72.0,0.495,0.25,5.0,0.545,4,0,16,3,0,1,2,1,0,0,4,0,172.72,172.72,135,31,37,0,-3,0,5,-4,23,0,-1,6,-5.08,-2.54,-6,-29.07692308,0.365384615,-3.461538462,0,-175.0,700.0,1200.0,1000.0,400.0,1100.0
2553,-200.0,170,50.0,170.0,1,False,5,0,3,0,41.33333333,0.34,0.0,1.333333333,0.276666667,3,0,7,0,0,0,1,2,0,0,3,0,172.72,165.1,135,0,4,0,49.75,0.4675,0.0,0.0,0.0,4,0,7,0,0,0,1,3,0,0,4,1,170.18,177.8,135,24,24,0,-1,-1,-1,0,0,0,-1,0,2.54,-12.7,0,-8.41666667,0.0,1.333333333,0,535.0,600.0,1000.0,1600.0,105.0,240.0
2563,-310.0,255,32.25806452,255.0,1,False,3,0,1,0,31.57142857,0.327142857,0.857142857,2.142857143,0.38,2,2,19,0,0,0,1,0,4,0,5,0,172.72,172.72,135,0,4,0,40.75,0.525,1.25,3.0,0.7,4,0,11,0,0,0,1,1,2,0,4,0,170.18,180.34,135,26,31,0,-3,-2,1,-2,8,0,-1,2,2.54,-7.62,-5,-9.17857143,-0.39285714299999996,-0.857142857,0,-110.0,600.0,502.0,475.0,485.0,1675.0
2573,-145.0,125,68.96551724,125.0,0,False,3,0,2,0,32.0,0.495,0.0,0.5,0.1,2,0,3,0,0,0,0,2,0,0,2,0,172.72,180.34,135,0,3,0,54.22222222,0.41444444399999997,0.666666667,0.444444444,0.166666667,4,2,20,0,0,0,2,4,1,0,7,0,160.02,170.18,135,25,28,0,-1,-2,-5,2,-17,0,-2,-1,12.7,10.16,-3,-22.22222222,-0.666666667,0.055555556,0,350.0,350.0,625.0,550.0,260.0,310.0
2609,-450.0,400,22.22222222,400.0,0,False,3,0,2,0,20.69230769,0.39153846200000003,0.615384615,2.307692308,0.359230769,2,7,31,1,0,0,3,0,3,0,6,0,165.1,170.18,135,1,0,0,40.125,0.37125,0.0,0.875,0.3425,3,2,22,3,0,0,2,3,0,1,6,0,160.02,167.64,135,31,34,1,2,-1,0,-5,9,-2,-4,3,5.08,2.54,-3,-19.43269231,0.615384615,1.432692308,2,134.0,675.0,1050.0,1250.0,150.0,2105.0
2619,-150.0,130,66.66666667,130.0,1,False,3,0,1,0,25.66666667,0.236666667,0.333333333,0.333333333,0.166666667,1,1,6,1,0,0,1,1,0,0,2,0,167.64,170.18,135,0,1,0,0.5,0.055,3.0,0.0,0.0,1,1,2,0,0,0,0,0,1,0,1,0,165.1,162.56,135,29,26,0,0,0,1,0,4,1,1,-1,2.54,7.62,3,25.16666667,-2.666666667,0.333333333,2,1175.0,350.0,-115.0,900.0,1670.0,325.0
2652,-155.0,135,64.51612903,135.0,1,False,3,3,0,0,35.6,0.309,0.2,1.5,0.309,2,6,23,0,0,1,1,1,1,0,4,0,167.64,172.72,135,1,0,0,33.0,0.445555556,0.444444444,0.5555555560000001,0.194444444,2,5,18,0,0,0,1,3,0,0,4,0,172.72,172.72,135,34,37,-2,0,0,0,-1,5,0,-2,1,-5.08,0.0,-3,2.6,-0.24444444399999998,0.944444444,0,320.0,286.0,1510.0,610.0,140.0,686.0
2654,-185.0,160,54.05405405,160.0,0,False,3,0,1,0,25.0,0.48,2.0,0.5,0.5,1,1,5,0,0,0,0,0,1,0,1,2,172.72,177.8,135,1,0,0,18.0,0.4,0.0,0.0,0.0,0,1,2,1,0,0,0,0,0,0,0,0,172.72,175.26,135,30,23,1,1,1,1,0,3,-1,0,1,0.0,2.54,7,7.0,2.0,0.5,2,192.0,375.0,225.0,325.0,1135.0,951.0
2689,150.0,-170,150.0,58.82352941,1,False,3,0,2,0,55.5,0.48,0.0,0.0,0.0,2,0,4,0,0,1,0,1,0,0,2,0,162.56,172.72,135,0,1,0,27.81818182,0.483636364,0.454545455,1.2727272729999999,0.423636364,3,4,27,0,0,1,4,2,0,0,7,1,175.26,180.34,135,35,26,0,1,-1,-5,4,-23,0,-1,0,-12.7,-7.62,9,27.68181818,-0.454545455,-1.2727272729999999,0,499.0,-105.0,474.0,2200.0,460.0,542.0
2699,-155.0,135,64.51612903,135.0,1,True,5,0,3,0,58.66666667,0.536666667,0.333333333,5.333333333,0.606666667,3,0,11,2,0,0,2,1,0,0,3,0,172.72,172.72,135,0,4,0,69.5,0.41100000000000003,1.1,1.4,0.363,4,2,28,4,0,0,2,5,1,0,8,0,167.64,170.18,125,29,30,0,-1,-1,-5,2,-17,-2,-4,-1,5.08,2.54,-1,-10.83333333,-0.7666666670000001,3.933333333,0,170.0,225.0,1350.0,1400.0,320.0,500.0
2717,-600.0,450,16.66666667,450.0,0,False,3,1,0,0,28.0,0.5,1.0,1.0,0.25,1,1,6,0,0,0,1,0,0,0,1,0,170.18,170.18,135,1,0,0,28.14285714,0.41428571399999997,0.7142857140000001,0.857142857,0.214285714,4,2,16,1,0,1,1,2,1,0,5,0,175.26,177.8,135,24,33,0,0,-3,-4,1,-10,-1,-2,-1,-5.08,-7.62,-9,-0.14285714,0.28571428600000004,0.14285714300000002,0,230.0,620.0,650.0,2425.0,-105.0,1390.0
2722,120.0,-140,120.0,71.42857143,1,False,3,1,0,0,21.5,0.46,0.5,3.0,0.54,1,1,6,0,0,0,1,0,0,0,1,0,165.1,170.18,135,2,0,0,31.5,0.21,0.0,0.0,0.0,0,2,6,1,0,0,0,0,0,0,0,0,167.64,165.1,135,28,25,1,0,1,1,1,0,-1,0,0,-2.54,5.08,3,-10.0,0.5,3.0,2,249.0,177.0,758.0,550.0,575.0,540.0
2741,-490.0,390,20.40816327,390.0,0,False,3,0,3,0,63.66666667,0.46666666700000003,0.333333333,3.0,0.48666666700000005,3,0,9,0,0,1,2,0,0,0,3,0,167.64,167.64,135,1,0,0,40.25,0.47333333299999997,0.666666667,1.5,0.3125,4,4,36,3,0,0,2,0,6,0,8,0,167.64,170.18,135,36,35,1,3,-1,-5,4,-27,-3,0,-6,0.0,-2.54,1,23.41666667,-0.333333334,1.5,0,125.0,575.0,170.0,2500.0,450.0,2000.0
2764,-640.0,470,15.625,470.0,0,False,3,0,2,0,30.0,0.4,0.333333333,0.0,0.0,2,1,7,0,0,0,1,1,0,0,2,0,170.18,180.34,135,0,3,0,46.66666667,0.576666667,1.333333333,3.333333333,0.6,3,0,9,0,0,0,1,1,1,0,3,0,170.18,180.34,135,26,37,0,-1,-1,-1,-1,-2,0,0,-1,0.0,0.0,-11,-16.66666667,-1.0,-3.333333333,0,125.0,822.0,190.0,2295.0,411.0,950.0
2778,-160.0,140,62.5,140.0,1,False,3,0,1,0,31.0,0.5,0.0,1.0,0.25,1,0,3,0,0,0,1,0,0,0,1,0,172.72,175.26,125,0,2,0,38.5,0.42,0.5,2.0,0.83,2,0,5,1,0,0,1,1,0,0,2,1,162.56,162.56,145,33,29,0,-1,-1,-1,0,-2,-1,-1,0,10.16,12.7,4,-7.5,-0.5,-1.0,2,180.0,290.0,1100.0,725.0,265.0,825.0
2786,-150.0,130,66.66666667,130.0,0,False,3,0,2,0,55.5,0.53,0.5,1.0,0.33,2,0,5,0,0,0,1,1,0,0,2,1,167.64,185.42,135,1,0,0,27.33333333,0.531666667,0.166666667,2.166666667,0.303333333,3,2,11,0,0,0,1,2,1,0,4,0,172.72,172.72,135,26,23,1,2,-1,-2,2,-6,0,-1,-1,-5.08,12.7,3,28.16666667,0.333333333,-1.166666667,2,200.0,204.0,431.0,930.0,640.0,610.0
2788,115.0,-135,115.0,74.07407407,0,False,3,2,0,0,34.72727273,0.41181818200000003,0.181818182,1.727272727,0.32,2,7,25,0,0,0,2,1,1,0,4,0,165.1,167.64,135,1,0,0,19.0,0.145,0.5,0.5,0.25,1,1,4,1,0,0,1,0,0,0,1,0,167.64,170.18,135,26,33,-1,0,1,3,-6,21,-1,1,1,-2.54,-2.54,-7,15.72727273,-0.318181818,1.2272727270000001,2,200.0,160.0,431.0,600.0,640.0,825.0
2808,-525.0,415,19.04761905,415.0,0,False,3,0,1,0,10.0,0.425,0.0,0.5,0.5,1,1,2,0,0,0,0,1,0,0,1,0,172.72,175.26,135,0,3,0,58.33333333,0.46333333299999996,0.0,0.0,0.0,3,0,6,0,0,0,1,2,0,0,3,1,170.18,177.8,135,24,29,0,-2,-2,-2,-1,-4,0,-1,0,2.54,-2.54,-5,-48.33333333,0.0,0.5,0,225.0,800.0,600.0,1200.0,105.0,645.0
2817,-170.0,150,58.82352941,150.0,1,False,3,0,1,0,15.0,0.55,0.0,0.0,0.0,1,0,1,0,0,0,0,1,0,0,1,0,162.56,172.72,135,1,0,0,19.66666667,0.6266666670000001,1.0,0.666666667,0.333333333,1,2,5,0,0,0,0,1,0,0,1,0,167.64,165.1,135,29,26,1,1,0,0,2,-4,0,0,0,-5.08,7.62,3,-4.66666667,-1.0,-0.666666667,2,175.0,260.0,366.0,1615.0,500.0,570.0
2843,-240.0,200,41.66666667,200.0,0,False,3,1,0,0,35.33333333,0.36166666700000005,0.083333333,0.666666667,0.325833333,2,7,28,0,0,1,2,2,0,0,5,0,185.42,182.88,135,2,0,0,47.81818182,0.37,0.090909091,1.454545455,0.38818181799999996,5,4,30,0,0,3,3,1,0,0,7,0,170.18,172.72,135,31,33,1,0,-3,-2,-3,-2,0,1,0,15.24,10.16,-2,-12.48484849,-0.007575758,-0.787878788,0,110.0,371.0,700.0,1200.0,377.0,779.0
2855,130.0,-150,130.0,66.66666667,1,False,3,0,2,0,57.5,0.40875,0.625,0.5,0.1875,4,2,19,0,0,0,2,4,0,0,6,0,160.02,170.18,135,0,1,0,35.125,0.44625,0.5,0.625,0.21875,2,4,17,0,0,0,1,3,0,0,4,0,172.72,172.72,135,33,25,0,1,2,2,2,2,0,1,0,-12.7,-2.54,8,22.375,0.125,-0.125,0,413.0,320.0,1600.0,942.0,280.0,180.0
2867,220.0,-260,220.0,38.46153846,1,False,3,1,0,0,35.71428571,0.522857143,0.428571429,1.285714286,0.36142857100000003,1,4,19,0,0,0,2,1,0,0,3,0,172.72,185.42,135,1,0,0,32.77777778,0.43222222200000004,0.0,1.222222222,0.364444444,3,4,20,0,0,3,2,0,0,0,5,0,170.18,172.72,135,36,27,0,0,-2,-2,0,-1,0,1,0,2.54,12.7,9,2.93650793,0.428571429,0.063492064,2,280.0,174.0,1720.0,546.0,1150.0,250.0
2881,105.0,-125,105.0,80.0,0,False,3,0,1,0,52.0,0.35,0.0,5.0,0.5,1,0,3,0,0,0,1,0,0,0,1,0,165.1,167.64,135,0,2,0,55.5,0.485,0.0,4.0,0.65,2,0,6,0,0,0,2,0,0,0,2,0,167.64,167.64,135,34,25,0,-1,-1,-1,0,-3,0,0,0,-2.54,0.0,9,-3.5,0.0,1.0,0,170.0,176.0,1390.0,900.0,850.0,405.0
2883,-125.0,105,80.0,105.0,0,False,3,2,0,0,9.5,0.41,0.0,0.5,0.25,0,2,3,0,0,0,0,0,0,0,0,0,170.18,170.18,135,1,0,0,25.0,0.44,2.0,1.0,1.0,0,1,3,0,0,0,0,0,0,0,0,2,172.72,177.8,135,22,27,-1,0,0,0,-1,0,0,0,0,-2.54,-7.62,-5,-15.5,-2.0,-0.5,2,282.0,235.0,300.0,775.0,555.0,545.0
2895,-250.0,210,40.0,210.0,0,False,3,0,2,0,28.66666667,0.43,1.6666666669999999,2.0,0.37,2,1,7,0,0,0,0,0,2,0,2,0,170.18,175.26,135,1,0,0,25.3,0.48,0.5,1.4,0.466,3,4,24,0,0,1,3,2,0,0,6,1,175.26,180.34,135,34,31,1,2,-1,-4,3,-17,0,-2,2,-5.08,-5.08,3,3.36666667,1.166666667,0.6,0,210.0,400.0,640.0,470.0,190.0,2000.0
2897,-600.0,450,16.66666667,450.0,1,False,3,1,0,0,35.0,0.47,0.0,1.0,0.5,0,1,2,0,0,0,0,0,0,0,0,1,167.64,172.72,135,1,0,0,38.4,0.39799999999999996,0.0,0.0,0.0,2,2,11,0,0,1,1,1,0,0,3,0,167.64,170.18,135,32,35,0,0,-2,-3,1,-9,0,-1,0,0.0,2.54,-3,-3.4,0.0,1.0,2,180.0,1262.0,445.0,1835.0,151.0,720.0
2898,-200.0,170,50.0,170.0,0,True,5,0,1,0,52.88888889,0.385555556,0.333333333,1.333333333,0.194444444,7,1,27,5,0,0,3,2,3,0,8,0,167.64,177.8,135,0,3,0,64.22222222,0.39555555600000003,1.222222222,1.5555555559999998,0.40333333299999996,4,2,24,3,0,0,2,4,1,0,7,0,167.64,170.18,125,29,28,0,-2,3,1,1,3,2,-2,2,0.0,7.62,1,-11.33333333,-0.8888888890000001,-0.222222223,0,210.0,650.0,700.0,650.0,180.0,475.0
2905,-140.0,120,71.42857143,120.0,1,False,3,1,0,0,26.66666667,0.328333333,1.0,2.5,0.443333333,2,2,16,0,0,0,0,0,4,0,4,0,172.72,172.72,135,1,0,0,36.71428571,0.255714286,0.0,0.28571428600000004,0.19,2,4,16,1,0,1,0,2,0,0,3,0,170.18,175.26,135,31,30,0,0,0,1,2,0,-1,-2,4,2.54,-2.54,1,-10.04761904,1.0,2.214285714,0,221.0,340.0,1265.0,295.0,340.0,1100.0
2925,170.0,-200,170.0,50.0,1,False,3,0,1,0,18.91666667,0.3875,0.5,2.083333333,0.3575,2,7,28,1,0,0,2,0,3,0,5,0,165.1,170.18,135,1,0,0,34.6,0.405,0.2,1.8,0.302,2,6,22,0,0,0,2,1,1,0,4,0,165.1,167.64,135,32,34,1,1,0,1,-1,6,1,-1,2,0.0,2.54,-2,-15.68333333,0.3,0.283333333,2,250.0,170.0,1570.0,350.0,600.0,598.0
2930,115.0,-135,115.0,74.07407407,0,False,3,0,1,0,32.0,0.46,2.0,2.0,0.5,1,0,3,0,0,0,1,0,0,0,1,0,170.18,170.18,135,0,1,0,14.5,0.40625,1.375,2.0,0.3275,3,3,19,0,0,0,3,0,2,0,5,0,167.64,170.18,135,30,32,0,0,-2,-4,3,-16,0,0,-2,2.54,0.0,-2,17.5,0.625,0.0,2,258.0,150.0,300.0,1115.0,1060.0,575.0
2941,-470.0,375,21.27659574,375.0,1,False,3,2,0,0,1.5,0.58,0.0,0.0,0.0,0,2,2,0,0,0,0,0,0,0,0,0,172.72,182.88,135,1,0,0,27.0,0.39,0.333333333,3.0,0.276666667,2,1,8,0,0,1,0,0,1,0,2,0,170.18,177.8,135,28,35,-1,0,-2,-2,-1,-6,0,0,-1,2.54,5.08,-7,-25.5,-0.333333333,-3.0,2,208.0,465.0,241.0,1500.0,275.0,1565.0
2949,500.0,-700,500.0,14.28571429,1,False,3,0,2,0,75.5,0.48,0.0,0.0,0.0,2,0,4,0,0,0,1,1,0,0,2,1,170.18,177.8,135,2,0,0,37.33333333,0.303333333,0.222222222,1.6666666669999999,0.34333333299999996,2,5,21,0,0,1,1,1,1,0,4,0,167.64,172.72,135,36,23,2,2,0,-2,5,-17,0,0,-1,2.54,5.08,13,38.16666667,-0.222222222,-1.6666666669999999,1,950.0,200.0,1400.0,675.0,1600.0,-110.0
2953,-1000.0,650,10.0,650.0,0,False,3,0,1,0,32.0,0.5,1.0,0.0,0.0,1,0,2,0,0,0,0,0,1,0,1,0,172.72,175.26,135,0,1,0,49.0,0.36,0.0,1.0,0.33,1,0,3,0,0,0,0,1,0,0,1,0,172.72,165.1,135,24,34,0,0,0,0,0,-1,0,-1,1,0.0,10.16,-10,-17.0,1.0,-1.0,2,320.0,1002.0,800.0,2095.0,-185.0,1500.0
2975,240.0,-280,240.0,35.71428571,0,False,3,1,0,0,6.5,0.52,1.0,0.5,0.25,1,1,3,0,0,0,0,0,1,0,1,1,177.8,180.34,125,0,1,0,80.0,0.55,1.0,2.0,0.66,1,0,3,0,0,0,1,0,0,0,1,1,167.64,185.42,135,23,25,-1,-1,0,0,-1,0,0,0,1,10.16,-5.08,-2,-73.5,0.0,-1.5,2,375.0,361.0,970.0,100.0,900.0,495.0
2983,-160.0,150,62.5,150.0,1,False,3,1,0,0,14.0,0.4,0.0,2.0,0.66,0,1,2,0,0,0,0,0,0,0,0,0,172.72,185.42,135,0,1,0,38.0,0.29,1.0,1.0,0.5,1,0,3,1,0,0,1,0,0,0,1,0,167.64,170.18,135,25,33,-1,-1,-1,-1,-1,-1,-1,0,0,5.08,15.24,-8,-24.0,-1.0,1.0,2,293.0,350.0,420.0,740.0,295.0,525.0
2991,-200.0,170,50.0,170.0,1,False,3,1,0,0,4.0,0.44,0.0,1.0,1.0,0,1,1,0,0,0,0,0,0,0,0,0,172.72,175.26,135,1,0,0,62.0,0.31,0.0,0.0,0.0,0,1,5,1,0,0,0,0,0,0,0,0,167.64,165.1,135,28,29,0,0,0,0,0,-4,-1,0,0,5.08,10.16,-1,-58.0,0.0,1.0,2,220.0,260.0,362.0,1345.0,400.0,500.0
2992,-135.0,125,74.07407407,125.0,0,False,3,2,0,0,43.45454545,0.49909090899999997,1.0909090909999999,0.181818182,0.181818182,2,6,29,0,0,2,1,0,2,0,5,1,177.8,185.42,145,2,0,0,39.42857143,0.43142857100000004,0.571428571,0.7142857140000001,0.25,2,4,16,0,0,0,1,2,0,0,3,0,172.72,172.72,135,33,26,0,0,0,2,-2,13,0,-2,2,5.08,12.7,7,4.02597402,0.51948052,-0.5324675320000001,0,320.0,320.0,955.0,500.0,185.0,600.0
2998,150.0,-170,150.0,58.82352941,0,False,3,1,0,0,33.0,0.45,0.0,0.0,0.0,0,1,3,1,0,0,0,0,0,0,0,1,172.72,172.72,135,1,0,0,38.0,0.34,2.0,3.0,0.75,0,1,3,1,0,0,0,0,0,0,0,0,172.72,175.26,135,24,22,0,0,0,0,0,0,0,0,0,0.0,-2.54,2,-5.0,-2.0,-3.0,2,270.0,180.0,569.0,889.0,1450.0,255.0
3030,-140.0,120,71.42857143,120.0,0,False,3,0,2,0,13.0,0.64,0.0,4.5,0.8,2,0,6,0,0,1,1,0,0,0,2,0,170.18,170.18,135,0,1,0,31.0,0.34,1.0,2.0,0.66,1,0,3,1,0,0,1,0,0,0,1,1,162.56,162.56,145,33,28,0,1,1,1,0,3,-1,0,0,7.62,7.62,5,-18.0,-1.0,2.5,2,168.0,230.0,850.0,625.0,350.0,1200.0
3049,335.0,-420,335.0,23.80952381,1,False,3,0,1,0,120.0,0.55,0.0,0.0,0.0,1,0,3,0,0,0,1,0,0,0,1,1,170.18,177.8,135,0,1,0,34.375,0.4425,0.0,1.25,0.285,3,3,19,0,0,3,2,0,0,0,5,0,170.18,172.72,135,35,23,0,0,-2,-4,3,-16,0,0,0,0.0,5.08,12,85.625,0.0,-1.25,2,500.0,250.0,2000.0,950.0,1350.0,-130.0
3064,285.0,-345,285.0,28.98550725,1,False,3,0,2,0,54.0,0.57,1.5,3.5,0.8,2,0,6,0,0,0,1,1,0,0,2,0,170.18,180.34,135,1,0,0,51.3,0.377,0.1,1.6,0.42700000000000005,5,3,27,0,0,3,3,1,0,0,7,0,170.18,172.72,135,31,25,1,2,-3,-5,3,-21,0,0,0,0.0,7.62,6,2.7,1.4,1.9,0,463.0,-110.0,1555.0,520.0,855.0,460.0
3127,-925.0,725,10.81081081,725.0,1,False,3,0,1,0,67.0,0.51,0.0,5.0,0.55,1,0,3,0,0,0,1,0,0,0,1,0,167.64,167.64,135,0,3,0,24.66666667,0.475555556,0.5555555560000001,1.333333333,0.462222222,3,3,21,0,0,1,3,2,0,0,6,1,175.26,180.34,135,34,34,0,-2,-2,-5,3,-18,0,-2,0,-7.62,-12.7,0,42.33333333,-0.5555555560000001,3.666666667,0,208.0,957.0,306.0,2665.0,160.0,2400.0
3132,225.0,-245,225.0,40.81632653,0,False,3,1,0,0,23.33333333,0.37,0.333333333,1.6666666669999999,0.386666667,1,2,6,0,0,0,0,1,0,0,1,0,177.8,180.34,135,1,0,0,27.0,0.27,0.0,0.0,0.0,0,1,3,0,0,0,0,0,0,0,0,0,170.18,172.72,135,29,27,0,0,1,1,-1,3,0,1,0,7.62,7.62,2,-3.66666667,0.333333333,1.6666666669999999,2,-101.0,104.0,475.0,531.0,540.0,500.0
3189,-1000.0,800,10.0,800.0,0,False,3,0,4,0,22.2,0.418,1.6,1.0,0.37200000000000005,4,1,9,0,0,0,1,0,3,0,4,1,165.1,165.1,135,1,0,0,52.125,0.38125,0.25,1.25,0.15625,7,1,24,5,0,0,3,2,2,0,7,0,167.64,177.8,135,27,30,1,4,-3,-3,0,-15,-5,-2,1,-2.54,-12.7,-3,-29.925,1.35,-0.25,0,225.0,1000.0,185.0,1800.0,185.0,1700.0
3197,420.0,-475,420.0,21.05263158,0,False,3,0,1,0,5.0,0.62,1.0,0.0,0.0,1,0,1,0,0,0,0,0,1,0,1,1,177.8,180.34,125,0,1,0,30.5,0.31,2.0,2.0,0.225,1,1,5,0,0,0,0,0,1,0,1,0,170.18,175.26,135,31,25,0,0,0,0,1,-4,0,0,0,7.62,5.08,6,-25.5,-1.0,-2.0,2,700.0,233.0,1105.0,160.0,1300.0,365.0
3227,-925.0,725,10.81081081,725.0,0,False,3,1,0,0,43.5,0.46,0.666666667,0.833333333,0.291666667,2,3,14,0,0,0,1,2,0,0,3,0,172.72,172.72,135,0,1,0,41.6,0.5,0.7,1.8,0.375,4,3,29,3,0,0,2,0,5,0,7,0,167.64,170.18,135,35,33,-1,-1,-2,-4,0,-15,-3,2,-5,5.08,2.54,2,1.9,-0.033333333,-0.966666667,0,235.0,605.0,110.0,2000.0,475.0,805.0
3231,-240.0,220,41.66666667,220.0,0,False,3,0,1,0,35.0,0.44,0.0,3.0,0.33,1,1,4,0,0,0,1,0,0,0,1,1,177.8,177.8,135,0,1,0,61.33333333,0.42,1.0,1.0,0.333333333,1,1,9,0,0,0,2,0,0,0,2,0,167.64,175.26,135,21,27,0,0,0,-1,0,-5,0,0,0,10.16,2.54,-6,-26.33333333,-1.0,2.0,2,150.0,315.0,450.0,1150.0,300.0,2075.0
3315,-560.0,475,17.85714286,475.0,0,False,3,0,5,0,56.77777778,0.39666666700000003,0.111111111,1.7777777780000001,0.47444444399999997,5,2,26,0,0,3,3,1,0,0,7,0,170.18,172.72,135,0,2,0,75.0,0.435,0.5,7.0,0.41,2,0,10,2,0,0,2,0,0,0,2,0,172.72,172.72,135,29,30,0,3,3,5,-2,16,-2,1,0,-2.54,0.0,-1,-18.22222222,-0.38888888899999996,-5.222222222,1,-170.0,600.0,900.0,1700.0,400.0,975.0
3320,145.0,-155,145.0,64.51612903,0,False,3,0,1,0,10.5,0.35,0.5,2.0,0.33,1,1,4,0,0,0,0,1,0,0,1,0,177.8,180.34,135,2,0,0,19.63636364,0.40363636399999997,0.454545455,2.090909091,0.36,2,7,26,1,0,0,2,0,2,0,4,0,165.1,170.18,135,33,27,2,1,-1,-3,6,-22,-1,1,-2,12.7,10.16,6,-9.13636364,0.045454545,-0.090909091,2,330.0,118.0,680.0,1350.0,900.0,404.0
3369,145.0,-155,145.0,64.51612903,1,False,3,1,0,0,7.0,0.25,0.0,0.0,0.0,0,1,1,0,0,0,0,0,0,0,0,1,177.8,177.8,135,1,0,0,18.0,0.45,1.0,0.0,0.0,0,1,3,0,0,0,0,0,0,0,0,1,175.26,177.8,135,25,27,0,0,0,0,0,-2,0,0,0,2.54,0.0,-2,-11.0,-1.0,0.0,2,400.0,167.0,1305.0,380.0,375.0,707.0
3421,230.0,-250,230.0,40.0,1,False,3,0,1,0,46.0,0.51,3.0,3.0,0.6,1,0,3,0,0,0,1,0,0,0,1,0,170.18,180.34,135,0,1,0,44.25,0.4175,0.0,0.0,0.0,2,1,8,0,0,1,1,1,0,0,3,0,167.64,170.18,135,31,24,0,0,-1,-2,1,-5,0,-1,0,2.54,10.16,7,1.75,3.0,3.0,2,295.0,140.0,1480.0,405.0,500.0,405.0
3437,-115.0,105,86.95652174,105.0,1,False,3,0,1,0,43.0,0.5,1.0,0.0,0.0,1,0,2,0,0,0,0,0,1,0,1,0,170.18,177.8,135,1,0,0,58.75,0.3225,0.0,0.25,0.25,3,1,10,0,0,1,2,0,0,0,3,1,162.56,180.34,135,29,27,1,1,-2,-2,1,-8,0,0,1,7.62,-2.54,2,-15.75,1.0,-0.25,2,200.0,235.0,1400.0,475.0,450.0,590.0
3438,-705.0,570,14.18439716,570.0,0,False,3,0,2,0,48.22222222,0.5277777779999999,1.333333333,0.222222222,0.222222222,2,4,23,0,0,2,1,0,2,0,5,1,177.8,185.42,145,1,0,0,44.0,0.49777777799999995,0.666666667,1.4444444440000002,0.371111111,4,3,26,3,0,0,2,0,4,0,6,0,167.64,170.18,135,35,26,1,2,-2,-1,-1,-3,-3,0,-2,10.16,15.24,9,4.22222222,0.666666666,-1.222222222,0,167.0,1185.0,-105.0,2540.0,584.0,1950.0
3471,200.0,-220,200.0,45.45454545,0,False,3,3,0,0,51.5,0.371666667,0.0,0.833333333,0.2,3,3,17,0,1,0,1,1,0,0,3,1,167.64,177.8,135,1,0,0,30.71428571,0.441428571,0.0,0.7142857140000001,0.23714285699999998,3,3,16,0,0,3,1,0,0,0,4,0,170.18,172.72,135,35,30,-2,0,0,-1,0,1,0,1,0,-2.54,5.08,5,20.78571429,0.0,0.11904761900000001,1,280.0,114.0,2000.0,1000.0,1020.0,400.0
3480,-120.0,110,83.33333333,110.0,1,False,3,0,1,0,28.5,0.3675,1.0,2.75,0.4775,2,1,11,0,0,0,0,0,3,0,3,0,172.72,172.72,135,0,1,0,30.8,0.5920000000000001,0.2,2.4,0.264,3,1,9,0,0,0,1,2,1,0,4,0,172.72,172.72,135,24,29,0,0,-1,-1,0,2,0,-2,2,0.0,0.0,-5,-2.3,0.8,0.35,0,172.0,190.0,801.0,350.0,525.0,2110.0
3481,540.0,-660,540.0,15.15151515,1,False,3,1,0,0,65.0,0.465,1.5,1.5,0.5,1,1,6,0,0,0,1,0,0,0,1,0,167.64,175.26,135,1,0,0,6.0,0.34666666700000004,1.333333333,0.666666667,0.276666667,1,2,6,0,0,0,0,0,1,0,1,0,175.26,187.96,145,33,20,0,0,0,0,1,0,0,0,-1,-7.62,-12.7,13,59.0,0.166666667,0.833333333,2,951.0,130.0,1025.0,856.0,1710.0,140.0
3508,-910.0,710,10.98901099,710.0,1,True,5,0,1,0,41.0,0.397142857,1.285714286,1.714285714,0.424285714,4,2,14,1,0,0,2,2,1,0,5,0,167.64,170.18,125,0,7,0,50.42857143,0.402857143,0.28571428600000004,1.428571429,0.17857142899999998,7,0,19,4,0,0,3,2,2,0,7,0,167.64,177.8,135,27,28,0,-6,-3,-2,-2,-5,-3,0,-1,0.0,-7.62,-1,-9.42857143,1.0,0.285714285,0,200.0,900.0,400.0,1800.0,115.0,1400.0
3511,-145.0,135,68.96551724,135.0,0,False,3,0,2,0,44.0,0.474,0.6,0.4,0.2,2,2,11,0,0,0,1,2,0,0,3,0,172.72,172.72,135,0,4,0,59.5,0.415,0.125,2.0,0.53375,4,2,23,0,0,3,2,1,0,0,6,0,170.18,172.72,135,30,32,0,-2,-2,-3,0,-12,0,1,0,2.54,0.0,-2,-15.5,0.475,-1.6,0,110.0,375.0,725.0,1650.0,550.0,350.0
3515,-355.0,320,28.16901408,320.0,0,False,3,1,0,0,23.75,0.5025,0.75,1.25,0.4975,1,2,12,0,0,0,2,0,0,0,2,0,167.64,167.64,125,0,1,0,15.0,0.3,1.0,1.0,0.5,1,0,2,1,0,0,0,0,1,0,1,0,180.34,180.34,135,26,29,-1,-1,0,1,-2,10,-1,0,-1,-12.7,-12.7,-3,8.75,-0.25,0.25,2,313.0,332.0,100.0,2875.0,735.0,2000.0
3529,-935.0,735,10.69518717,735.0,1,False,3,0,1,0,39.5,0.325,0.5,0.0,0.0,1,1,6,0,0,0,1,0,0,0,1,0,170.18,180.34,135,0,1,0,41.83333333,0.281666667,0.0,0.333333333,0.22166666699999998,2,3,15,1,0,1,0,2,0,0,3,0,170.18,175.26,135,29,35,0,0,-1,-2,2,-9,-1,-2,0,0.0,5.08,-6,-2.33333333,0.5,-0.333333333,0,130.0,1160.0,654.0,1755.0,140.0,1500.0
3634,-215.0,195,46.51162791,195.0,0,False,3,0,1,0,33.0,0.34,0.0,4.0,0.66,1,0,3,0,0,0,1,0,0,0,1,1,162.56,165.1,125,1,0,0,24.66666667,0.45333333299999995,0.833333333,1.333333333,0.5,2,3,14,0,0,0,2,1,0,0,3,1,175.26,180.34,135,33,29,1,1,-1,-2,3,-11,0,-1,0,-12.7,-15.24,4,8.33333333,-0.833333333,2.666666667,0,190.0,325.0,601.0,835.0,250.0,935.0
3638,-335.0,305,29.85074627,305.0,0,True,5,0,4,0,48.5,0.52875,0.75,1.625,0.4175,4,2,25,2,0,0,2,0,4,0,6,0,167.64,170.18,135,0,6,0,56.0,0.41,0.333333333,1.6666666669999999,0.208333333,6,0,18,3,0,0,3,1,2,0,6,0,167.64,177.8,135,27,34,0,-2,-2,0,-2,7,-1,-1,2,0.0,-7.62,-7,-7.5,0.41666666700000005,-0.041666667000000004,0,100.0,550.0,450.0,500.0,425.0,1250.0
3654,177.0,-192,177.0,52.08333333,0,False,3,0,1,0,81.0,0.66,3.0,2.0,0.5,1,0,3,0,0,0,1,0,0,0,1,0,167.64,175.26,135,0,1,0,47.625,0.55375,1.375,0.125,0.125,2,4,20,0,0,2,1,0,1,0,4,1,177.8,185.42,145,25,20,0,0,-1,-3,4,-17,0,0,-1,-10.16,-10.16,5,33.375,1.625,1.875,2,265.0,175.0,700.0,385.0,1300.0,455.0
3655,-500.0,400,20.0,400.0,0,False,3,0,1,0,30.33333333,0.465,0.0,0.833333333,0.276666667,3,2,14,0,0,3,1,0,0,0,4,0,170.18,172.72,135,1,0,0,39.4,0.26,0.0,0.4,0.266,2,3,13,1,0,1,0,1,0,0,2,0,170.18,175.26,135,29,34,1,1,1,2,1,1,-1,-1,0,0.0,-2.54,-5,-9.06666667,0.0,0.433333333,0,242.0,550.0,1700.0,1865.0,-119.0,1100.0
3656,290.0,-320,290.0,31.25,1,False,3,1,0,0,32.66666667,0.446666667,0.0,0.0,0.0,2,1,5,0,0,1,0,1,0,0,2,0,167.64,170.18,135,1,0,0,4.0,0.4,0.0,0.0,0.0,0,1,1,0,0,0,0,0,0,0,0,0,175.26,175.26,135,27,31,0,0,2,2,0,4,0,1,0,-7.62,-5.08,-4,28.66666667,0.0,0.0,2,435.0,254.0,1895.0,1030.0,1000.0,110.0
3662,-330.0,270,30.303030300000003,270.0,0,False,3,2,0,0,52.6,0.364,0.0,1.0,0.24,3,2,14,0,1,0,1,1,0,0,3,1,167.64,177.8,135,1,0,0,28.33333333,0.38,1.5,1.6666666669999999,0.428333333,4,2,11,1,0,0,1,2,1,0,4,0,167.64,170.18,125,27,29,-1,0,-1,-1,0,3,-1,-1,-1,0.0,7.62,-2,24.26666667,-1.5,-0.666666667,0,110.0,395.0,545.0,1440.0,350.0,700.0
3693,-150.0,130,66.66666667,130.0,0,False,3,0,1,0,31.33333333,0.428333333,0.833333333,1.0,0.25,4,1,14,1,0,1,1,2,1,0,5,0,175.26,177.8,135,0,3,0,51.28571429,0.514285714,0.7142857140000001,1.714285714,0.40571428600000004,3,2,23,2,0,0,2,0,3,0,5,0,167.64,170.18,135,34,22,0,-2,1,0,1,-9,-1,2,-2,7.62,7.62,12,-19.95238096,0.11904761900000001,-0.7142857140000001,0,180.0,325.0,300.0,1250.0,1050.0,320.0
3708,-325.0,295,30.76923077,295.0,0,False,3,1,0,0,80.5,0.365,0.166666667,0.166666667,0.166666667,1,4,18,0,0,1,1,0,0,0,2,0,167.64,177.8,135,0,3,0,46.28571429,0.42142857100000003,0.14285714300000002,1.857142857,0.557142857,3,2,20,0,0,3,1,1,0,0,5,0,170.18,172.72,135,29,30,-1,-3,-2,-3,-2,-2,0,-1,0,-2.54,5.08,-1,34.21428571,0.023809524,-1.69047619,0,-155.0,500.0,2000.0,1045.0,375.0,900.0
3731,-425.0,378,23.52941176,378.0,0,False,3,2,0,0,35.0,0.44799999999999995,0.6,0.2,0.2,2,3,13,0,0,1,0,1,0,0,2,0,170.18,175.26,135,1,0,0,26.0,0.625,0.25,1.25,0.1125,3,1,6,0,0,0,0,2,1,0,3,0,172.72,172.72,135,23,29,-1,0,-1,-1,-2,7,0,-1,-1,-2.54,2.54,-6,9.0,0.35,-1.05,2,188.0,569.0,606.0,2900.0,145.0,800.0
3752,125.0,-135,125.0,74.07407407,1,False,3,0,1,0,48.25,0.5025,0.75,0.5,0.25,1,2,9,0,0,0,1,1,0,0,2,0,172.72,172.72,135,0,2,0,37.55555556,0.357777778,0.111111111,0.5555555560000001,0.295555556,2,5,22,0,0,1,1,2,0,0,4,0,185.42,182.88,135,31,32,0,-1,-1,-2,3,-13,0,-1,0,-12.7,-10.16,-1,10.69444444,0.638888889,-0.055555556,2,443.0,380.0,700.0,1150.0,245.0,180.0
3786,210.0,-230,210.0,43.47826087,0,False,3,0,4,0,28.2,0.4,1.2,1.6,0.414,4,1,8,1,0,0,1,2,1,0,4,0,167.64,170.18,125,0,4,0,35.0,0.45799999999999996,0.2,1.2,0.19399999999999998,4,1,11,0,0,0,2,1,1,0,4,0,165.1,167.64,135,31,27,0,0,0,0,0,-3,1,1,0,2.54,2.54,4,-6.8,1.0,0.4,0,350.0,163.0,645.0,526.0,1200.0,300.0
3792,-750.0,600,13.33333333,600.0,0,True,5,0,2,0,46.5,0.275,0.0,0.5,0.3325,2,2,11,0,0,1,0,1,0,0,2,0,170.18,175.26,135,0,5,0,61.6,0.368,0.4,2.0,0.25,5,0,16,2,0,0,3,0,2,0,5,0,167.64,177.8,135,26,29,0,-3,-3,-3,-2,-5,-2,1,-2,2.54,-2.54,-3,-15.1,-0.4,-1.5,0,280.0,1100.0,120.0,2400.0,250.0,725.0
3799,150.0,-160,150.0,62.5,0,False,3,0,1,0,16.0,0.28,5.0,0.0,0.0,1,0,3,0,0,0,0,0,1,0,1,0,170.18,180.34,135,0,1,0,16.0,0.43,0.5,0.5,0.1,1,1,4,0,0,0,0,0,1,0,1,1,165.1,165.1,135,28,24,0,0,0,0,1,-1,0,0,0,5.08,15.24,4,0.0,4.5,-0.5,2,370.0,314.0,800.0,170.0,450.0,1130.0
3802,130.0,-140,130.0,71.42857143,1,False,3,1,0,0,39.28571429,0.54,1.571428571,0.14285714300000002,0.14285714300000002,2,4,17,0,0,1,1,0,1,0,3,1,177.8,185.42,145,0,1,0,25.0,0.505,1.5,2.25,0.285,2,1,8,0,0,0,1,0,2,0,3,0,175.26,180.34,135,29,25,-1,-1,0,0,-3,9,0,0,-1,2.54,5.08,4,14.28571429,0.071428571,-2.107142857,2,350.0,206.0,325.0,325.0,1345.0,720.0
3823,210.0,-230,210.0,43.47826087,0,False,3,1,0,0,16.0,0.37,0.0,5.0,0.55,0,1,3,0,0,0,0,0,0,0,0,0,175.26,185.42,135,1,0,0,27.5,0.635,0.5,1.5,0.665,1,1,6,0,0,0,1,0,0,0,1,0,167.64,167.64,125,28,25,0,0,-1,-1,0,-3,0,0,0,7.62,17.78,3,-11.5,-0.5,3.5,2,327.0,150.0,1670.0,220.0,750.0,900.0
3831,160.0,-170,160.0,58.82352941,0,False,3,0,3,0,22.33333333,0.726666667,0.333333333,0.0,0.0,3,0,3,0,0,0,0,2,1,0,3,0,172.72,172.72,135,0,2,0,47.5,0.431666667,0.0,1.8333333330000001,0.583333333,2,2,17,0,0,2,1,1,0,0,4,0,170.18,172.72,135,29,23,0,1,1,-1,2,-14,0,1,1,2.54,0.0,6,-25.16666667,0.333333333,-1.8333333330000001,2,242.0,180.0,1325.0,450.0,865.0,400.0
3840,-215.0,195,46.51162791,195.0,0,False,3,0,1,0,28.0,0.47600000000000003,0.8,1.4,0.4,2,2,11,0,0,0,2,1,0,0,3,1,175.26,180.34,135,0,2,0,50.83333333,0.48666666700000005,0.833333333,1.333333333,0.34,2,2,20,2,0,0,1,0,3,0,4,0,167.64,170.18,135,34,33,0,-1,0,-1,0,-9,-2,1,-3,7.62,10.16,1,-22.83333333,-0.033333333,0.066666667,0,115.0,575.0,300.0,1000.0,550.0,400.0
3844,290.0,-320,290.0,31.25,1,False,3,1,0,0,27.4,0.39799999999999996,0.6,1.2,0.3,4,1,12,1,0,1,1,2,0,0,4,0,175.26,177.8,135,0,1,0,39.0,0.326,0.2,1.6,0.27399999999999997,2,2,10,0,0,1,0,1,1,0,3,0,167.64,172.72,135,34,22,-1,-1,2,1,1,2,1,1,-1,7.62,5.08,12,-11.6,0.4,-0.4,1,250.0,175.0,750.0,550.0,800.0,300.0
3874,-220.0,200,45.45454545,200.0,1,False,3,1,0,0,2.0,0.13,0.0,0.0,0.0,0,1,1,0,0,0,0,0,0,0,0,0,175.26,187.96,145,3,0,0,15.75,0.48,1.5,0.0,0.0,1,3,4,0,0,0,0,1,0,0,1,0,172.72,172.72,135,26,32,2,0,-1,-1,2,-3,0,-1,0,2.54,15.24,-6,-13.75,-1.5,0.0,2,890.0,875.0,140.0,451.0,240.0,700.0
3894,-136.0,126,73.52941176,126.0,0,False,3,1,0,0,33.25,0.4425,0.25,0.25,0.25,2,2,10,0,0,1,0,1,0,0,2,0,170.18,175.26,135,1,0,0,26.0,0.513333333,1.333333333,1.0,0.2,2,1,5,0,0,0,0,0,2,0,2,0,175.26,180.34,135,29,28,0,0,0,0,-1,5,0,1,-2,-5.08,-5.08,1,7.25,-1.083333333,-0.75,2,503.0,450.0,129.0,764.0,700.0,300.0
3896,-340.0,310,29.41176471,310.0,0,False,3,2,0,0,18.0,0.5,0.5,0.5,0.375,1,3,8,0,0,0,0,0,1,0,1,0,175.26,187.96,135,1,0,0,32.4,0.42200000000000004,0.0,0.8,0.132,3,2,11,0,0,2,1,0,0,0,3,0,170.18,172.72,135,34,25,-1,0,-2,-2,-1,-3,0,0,1,5.08,15.24,9,-14.4,0.5,-0.3,2,210.0,565.0,2000.0,625.0,110.0,1200.0
3903,-430.0,380,23.25581395,380.0,0,False,3,0,1,0,17.75,0.45,1.0,1.0,0.11,1,2,8,0,0,0,1,0,1,0,2,0,167.64,167.64,125,0,3,0,39.5,0.495,0.0,0.75,0.0925,3,1,9,0,0,0,2,1,0,0,3,0,165.1,167.64,135,30,30,0,-2,-2,-1,-1,-1,0,-1,1,2.54,0.0,0,-21.75,1.0,0.25,0,158.0,480.0,240.0,1208.0,439.0,1150.0
3919,-295.0,265,33.89830508,265.0,1,False,3,0,1,0,36.75,0.3475,0.125,0.625,0.3325,1,5,20,0,0,1,1,1,0,0,3,0,185.42,182.88,135,1,0,0,20.33333333,0.276666667,0.333333333,0.666666667,0.666666667,2,1,6,0,0,0,1,0,1,0,2,0,170.18,177.8,135,32,31,1,1,-1,1,-4,14,0,1,-1,15.24,5.08,1,16.41666667,-0.208333333,-0.041666667000000004,0,321.0,471.0,300.0,1135.0,200.0,800.0
3941,100.0,-110,100.0,90.90909091,0,False,3,0,2,0,58.0,0.57,0.0,2.5,0.83,2,0,5,0,0,0,0,2,0,0,2,0,177.8,180.34,135,1,0,0,23.66666667,0.36,1.0,2.666666667,0.496666667,2,1,8,0,0,0,0,0,2,0,2,0,172.72,172.72,135,28,30,1,2,0,0,1,-3,0,2,-2,5.08,7.62,-2,34.33333333,-1.0,-0.166666667,2,525.0,256.0,175.0,809.0,1440.0,353.0
3953,-320.0,290,31.25,290.0,0,False,3,0,2,0,43.5,0.51,0.0,0.0,0.0,2,0,4,0,0,1,0,1,0,0,2,0,167.64,170.18,135,0,3,0,30.0,0.3825,1.5,1.75,0.435,3,1,7,1,0,0,1,1,1,0,3,0,167.64,170.18,125,27,30,0,-1,-1,-1,1,-3,-1,0,-1,0.0,0.0,-3,13.5,-1.5,-1.75,2,149.0,525.0,350.0,1600.0,319.0,627.0
3956,-440.0,390,22.72727273,390.0,0,False,5,0,1,0,38.0,0.45399999999999996,0.2,1.2,0.4,2,2,10,0,0,0,1,1,1,0,3,0,165.1,167.64,135,0,1,0,42.4,0.47,0.4,0.8,0.276,1,2,16,2,0,0,1,0,2,0,3,0,167.64,170.18,135,33,30,0,0,1,0,0,-6,-2,1,-1,-2.54,-2.54,3,-4.4,-0.2,0.4,0,174.0,500.0,134.0,1450.0,500.0,1105.0
3971,-145.0,135,68.96551724,135.0,0,False,3,1,0,0,48.0,0.3425,0.0,0.5,0.2075,3,1,11,0,1,0,1,1,0,0,3,1,167.64,177.8,135,1,0,0,31.75,0.325,0.25,1.0,0.2,2,2,7,0,0,0,0,1,1,0,2,0,167.64,172.72,135,34,29,0,0,1,1,1,4,0,0,-1,0.0,5.08,5,16.25,-0.25,-0.5,0,131.0,219.0,850.0,1200.0,596.0,783.0
3991,-660.0,540,15.15151515,540.0,0,False,3,1,0,0,10.0,0.485,0.0,0.5,0.25,1,1,4,0,0,0,0,1,0,0,1,0,165.1,160.02,135,0,2,0,30.0,0.33666666700000003,2.0,1.6666666669999999,0.36,2,1,5,1,0,0,1,0,1,0,2,0,167.64,170.18,125,27,29,-1,-2,-1,-1,0,-1,-1,1,-1,-2.54,-10.16,-2,-20.0,-2.0,-1.166666667,2,109.0,1335.0,300.0,1420.0,346.0,700.0
3992,110.0,-120,110.0,83.33333333,0,False,3,1,0,0,39.0,0.436666667,0.666666667,0.666666667,0.133333333,1,2,7,0,0,0,0,0,1,0,1,0,170.18,175.26,135,2,0,0,37.28571429,0.334285714,0.0,0.428571429,0.28571428600000004,1,5,17,0,0,1,0,1,0,0,2,0,185.42,182.88,135,31,29,1,0,0,-1,3,-10,0,-1,1,-15.24,-7.62,2,1.71428571,0.666666667,0.23809523800000001,2,509.0,260.0,490.0,739.0,335.0,305.0
4000,-215.0,195,46.51162791,195.0,0,False,3,0,2,0,17.0,0.335,1.0,3.0,0.665,2,0,5,0,0,0,0,0,2,0,2,0,172.72,172.72,135,0,1,0,43.6,0.40399999999999997,0.0,2.2,0.7,1,2,14,0,0,1,1,1,0,0,3,0,170.18,172.72,135,29,28,0,1,1,-1,2,-9,0,-1,2,2.54,0.0,1,-26.6,1.0,0.8,2,170.0,298.0,1770.0,550.0,180.0,1950.0
4005,-350.0,318,28.57142857,318.0,0,False,3,0,1,0,24.66666667,0.456666667,0.833333333,0.166666667,0.166666667,3,2,12,0,0,0,1,1,2,0,4,0,167.64,162.56,145,1,0,0,48.75,0.4125,0.25,1.0,0.345,1,2,15,2,0,0,1,0,1,0,2,0,167.64,170.18,135,33,30,1,1,2,2,0,-3,-2,1,1,0.0,-7.62,3,-24.08333333,0.583333333,-0.833333333,0,-115.0,485.0,300.0,115.0,672.0,2470.0
4015,-295.0,265,33.89830508,265.0,0,True,5,0,4,0,27.75,0.4275,0.75,1.5,0.375,4,0,8,0,0,1,1,2,0,0,4,0,175.26,177.8,135,0,4,0,68.0,0.38,0.25,1.5,0.2125,4,0,12,1,0,0,3,0,1,0,4,0,167.64,177.8,135,26,22,0,0,0,0,0,-4,-1,2,-1,7.62,0.0,4,-40.25,0.5,0.0,0,156.0,488.0,245.0,2300.0,539.0,620.0
4024,-127.0,117,78.74015748,117.0,0,False,3,1,0,0,22.0,0.29,0.0,2.0,0.16,0,1,3,0,0,0,0,0,0,0,0,1,170.18,167.64,135,1,0,0,17.0,0.46333333299999996,1.333333333,1.333333333,0.146666667,1,2,5,0,0,0,0,0,1,0,1,0,167.64,167.64,125,30,25,0,0,-1,-1,1,-2,0,0,-1,2.54,0.0,5,5.0,-1.333333333,0.666666667,2,211.0,275.0,387.0,575.0,625.0,574.0
4036,275.0,-305,275.0,32.78688525,1,False,3,1,0,0,47.33333333,0.536666667,1.0,0.0,0.0,1,2,7,0,0,0,1,0,0,0,1,0,172.72,172.72,135,0,2,0,36.33333333,0.51,0.333333333,0.0,0.0,2,1,8,0,0,1,0,1,0,0,2,0,170.18,175.26,135,28,31,-1,-2,-1,-1,-1,-1,0,-1,0,2.54,-2.54,-3,11.0,0.666666667,0.0,2,785.0,183.0,680.0,1180.0,650.0,155.0
4184,150.0,-160,150.0,62.5,1,True,5,0,3,0,62.33333333,0.41,0.333333333,2.0,0.283333333,3,0,7,0,0,0,2,0,1,0,3,0,167.64,177.8,135,0,1,0,45.0,0.44,0.333333333,1.333333333,0.46,1,1,10,1,0,0,1,0,1,0,2,0,167.64,170.18,135,33,25,0,2,2,1,1,-3,-1,0,0,0.0,7.62,8,17.33333333,0.0,0.666666667,2,328.0,248.0,450.0,370.0,893.0,469.0
4209,-115.0,105,86.95652174,105.0,1,False,3,0,2,0,58.0,0.455,0.0,0.5,0.165,2,0,5,0,1,0,0,1,0,0,2,1,167.64,177.8,135,0,3,0,25.5,0.4675,1.0,0.25,0.25,3,1,8,0,0,0,1,1,1,0,3,0,167.64,162.56,145,30,28,0,-1,-1,-1,1,-3,0,0,-1,0.0,15.24,2,32.5,-1.0,0.25,2,245.0,175.0,474.0,1050.0,515.0,750.0
4240,150.0,-160,150.0,62.5,0,False,3,1,0,0,43.33333333,0.42666666700000005,0.0,2.0,0.666666667,2,1,7,0,0,0,1,1,0,0,2,0,165.1,167.64,135,2,0,0,17.5,0.24,0.0,0.5,0.165,0,2,6,0,0,0,0,0,0,0,0,0,170.18,175.26,135,27,29,1,0,2,2,1,1,0,1,0,-5.08,-7.62,-2,25.83333333,0.0,1.5,2,315.0,154.0,1200.0,365.0,575.0,706.0
4274,-305.0,275,32.78688525,275.0,0,False,3,0,1,0,61.0,0.52,4.0,1.0,0.2,1,0,3,0,0,0,1,0,0,0,1,0,170.18,172.72,135,0,2,0,28.66666667,0.376666667,0.0,1.333333333,0.22,2,1,7,0,0,2,0,0,0,0,2,0,170.18,172.72,135,32,33,0,-1,-1,-1,1,-4,0,0,0,0.0,0.0,-1,32.33333333,4.0,-0.333333333,2,240.0,565.0,1367.0,350.0,140.0,1455.0
